524942946765131776
544297827258888192
552841460681572352
552795953301045248
525066876058361856
552824705703763969
544467005655748608
552819649599897601
553164381673259008
499564237552115712
525030696738652160
544428082749132800
524986649315667968
544409432600223744
500388199064420352
553158824979619840
544288773023203328
580326111311171584
524937574281121793
525039686931075072
553226143307161600
553587735613952001
544330052796559360
524975847846203393
500284699546517505
544374511194632192
524924346411020288
580345253179342848
544516142983684097
524971165056782337
544468178961592321
553202028575731713
524923676484177920
499571347375136768
524985092343889920
552841049467400192
544477048048082945
499681614549377024
524953569762766848
499689438092726273
553137946740932608
525026031833718785
552831881847533568
544489340584222720
499472596853743618
553547637832843264
524930499790131200
553526776878469121
500376891623079937
500358061698347008
529644561770217473
524960245509287936
544317609718865920
552849248182865920
544435030127161344
576812998418939904
499345604297121792
553487356733313024
553535430788780032
553152448077258753
552839800433410049
525037656820826112
524941318389501953
553164303650799616
499394221984714752
525041399344168961
544379787246981122
552802098602319873
499357289363431425
552846893588709376
544457904422531072
553221600955621376
500293392060780546
552815332931665921
553536887349325825
552831515940634624
552980299769200640
552980714610634753
553161912968417280
580327058158551041
544510784366080000
552834445301256192
552791332935434242
581061914001821696
525047104239333377
544309177859203073
524957429889777665
529676682622664704
544374395540881408
544273427075710976
525049639016615937
552804592988479488
544329251487756288
552799317602615297
544304298243653632
544511676088066048
553136990787342336
544369667096477696
524938107142283264
580322349569994752
544511865729323009
553160652567498752
552844311096983552
552833236389199874
529674135098900481
544284455909998592
500073277273165824
552834996265054208
552816062593761280
544353918315397121
544321311250468865
524961070465945600
544515584931528704
499369948943495168
500360248767840256
524953391634866176
500303864495882240
553590459688570880
500372391407931392
552827164677373952
544504183341064192
553200085132009475
553210869010935808
552808620187217920
553205115830951936
500297243371798528
576470720328392704
552837147305455616
544287902079803392
552813461953323008
524932292406681601
552805069956329472
552797828977029120
544511130249744384
500263680026869760
552812984343330816
580329153553141760
553184451774402560
553189490521812992
524970488590651395
552833527444566016
580327692765151232
500260514807947264
552807054268956673
521361857810939905
500280249629036544
544396260740845568
521369179392581632
552848653980033025
576552070456741888
580335102313500673
500283314230419456
500293872162205697
529627707382853632
553545857304629248
544415616753745920
500368901365317633
553476288103477249
536825223061180416
552805638024077312
544459886365376515
544373593841623040
500284494201757696
524976526891417600
525010245811466240
552786340958715904
553102901619748864
529778109290012673
576192621351145472
500278485001457664
553155289235881984
544416818711252992
553148339160907776
524976963862429697
552849585899462659
552825402872590336
524967376719466496
552791678881660928
499397048878501888
499432169836531712
576412997662433280
544438653410639872
529738730748534786
553478677359775744
580350000074457088
544513035118075904
498253652755111937
552827979093385216
524936793633083394
544308531684335617
499488337338843137
529776116773298176
544445364322197504
552839518974660608
553203041705664513
544288661253398528
553185825065009153
525039242771464193
544337816298070017
580332485030125568
544521166543548416
553480876315901953
524966565788520448
580399487740297216
553232704708546561
524960851493924864
552811533303296001
544391790615605249
544285296565948416
544442068639416320
524937330923417600
552844436460560384
553546679161745408
552836829234614272
552816933851394048
553149347777753088
499700838127120386
521346721226711040
525050193360613376
500402449501286400
552821475066281984
553532980896231424
552828658747187201
544397240601563137
544277336422486016
544338698750664704
500258409988763649
544330861680664576
524961589406216192
553123078541434880
552818922798727168
553109813807575040
544345465311879170
552984527295873024
553554585634496512
553554032745525249
499530130487017472
524948264148160513
499589336816308227
552810855503757313
580323060533764097
552796091255894016
500315609171636225
581064144394285056
544463701030354944
544511558173601792
500290464621559808
553506946054369280
580331561398108160
553526283033133056
499565555645685760
553213362713399297
552804328319504384
553477554041257985
576848770136174594
544516739178827776
498340530770939904
581299253743501312
553475824369012736
580883793709547521
552812040926941185
499687274326786049
552848701312737280
544376469279875072
553152675014246400
500071770192216065
576326555246415872
552833942777511937
544315864397258752
544270745744846848
553099800951136256
552798832359374849
500353815132897280
581377529124130816
580353986991112192
552820533507944448
544496262629036032
529746982106324992
499705963126202368
576811711652450304
544467299218886656
499588291335692288
553536358950916096
499658267493019651
524994965366382593
524938282732642305
552785391653494784
552848620375261184
552817367995002880
552806890498191361
544280929154637825
544395106426425345
544278335455776769
524935345998422016
524938009834450945
580387098039046145
544494058287423489
552814566594576386
524969501704855552
544427461136502784
544476492281827328
580326473803767808
581256046448111616
524970444156571648
580319651399385088
525009541671702528
544424261163569152
544307417677189121
524988555178045440
524996756220956672
498300128088694786
544492614838673408
524964929083023360
580320745974288384
544420963429797889
525023858831523841
544506678922977280
524944610985263104
499704241741520897
524956372199555072
544271815044894720
524954241547632640
544512867144192000
544406832073416704
544457877688430593
553558385048944640
552806757672964097
500394061887709184
500322373359661056
580885624883904512
500279571988877312
553536269972942849
553209912550240256
553162589744926720
553588494661337089
525047079325155329
524977812852461568
544374422056882176
524948520605069312
580330986220687360
544287991959539713
544376732649013248
529648452511473666
553103832717094912
553475269873643520
553174789561389056
552824456557887488
544466903364673536
553476073703620609
544406212461473792
553541988490825728
553148926459920386
544295871592951808
580359081296293888
553175714128990208
552804784819154944
553542235661553665
544336537870434304
524928223499784192
553155430055440384
529642612618035202
524958238316298240
580336849534648320
552985912901001218
552845267289247744
553557753558757376
524931110279852032
500359508531884033
544391789789331456
544316500002484226
552789521646247936
500294803402137600
552817759684665345
524954313337364480
553474012446478336
544296465619619840
552831761957523456
499697729225105408
580366761398239232
552833028201144320
580331192316198912
552813988644659200
580369978546917376
552831506041683970
524978526974668800
500426437392732161
544470843997564928
529757088881573889
553531316797718528
552812188315172864
525022663102963712
553192373728342016
552829096816693248
544361776020586496
524942548066791424
498317138554150912
524933399828369409
553479222434729984
552837599304622080
544323127522906112
552831974784905216
544372465078505472
544492209861836800
544512676643500033
544353257175654400
552812682626465792
525007664544493569
524939347699585025
525048557569454080
552816561514635264
524926235030589440
499408845127819265
529654845838741504
552814076167213056
553144384737525762
553543939517874176
524957566502445056
553213326277500929
500290867681587200
580365989780520960
499702134279913472
552808776492130304
552806624046641153
553145755079569408
580322453928431617
525025463648137216
500411055315910656
544473507594113024
525029016001318913
500314823117115393
544490976253726720
552793759210307584
498560433021026304
498480344992350209
553546063752478722
498507730395484160
552790824971677696
544414634308939776
544387967037763584
525049044201377793
553236009081921536
544390017930383360
553591736598269952
544333236243947520
580332109782466561
553121581187485696
576777148217843712
498609222020780033
552840964025626624
553186739326812161
524942470472548352
552820735513612288
580339662096605184
544283387087691776
499345010190348288
553180236591169536
553551435762503681
553478142791548928
544517440332627968
553115236992290816
529722264615673856
544416939867529216
498507434693246977
544366894107480064
499375535458643968
552821810224304128
552811438994378754
524978999534317568
552843285468020736
580337178506584064
581473088249958400
544494273924562944
553163190138580992
553110783761338368
552816932643405824
500354773133299713
580330104846475264
544511915158810624
553185854165114882
553551225560764416
553200573387124736
544416582256967680
524965165759221760
499663992697417728
544325779199258626
524947674164760577
500339512082698240
552811735183552512
553234456522522624
524980744658382848
544512398628241408
524972166006464512
544288799711592448
524970731202166784
525068915068923904
553121732387946496
553114307383541761
499361679197884416
580327197921120256
544271362022338560
500382853147164672
552789550238801920
553476600985948160
553183420499894272
498474035668586497
544299439087550464
553555979238129664
544318880001560576
544519396828672000
552814494381256704
552805956619628544
544382249178001408
500394005419409408
529735608676413441
525069912679923712
498285556502372352
498527404386578432
552787599031828480
553506337121107968
553187959835725824
580357537083576321
544356122082410496
553222038379180032
500293511632388097
544273885437652992
499596695705894912
553145736045801472
576565012086579200
524994218964815873
553480287045554176
553198853487611907
553558611306090496
552829622128500736
500429525558505473
498274692873351170
553164185006534656
500361847070269441
500189389855916032
544499381731622912
544363222296297473
580379486732066817
529694805010685952
552830864187727876
544393889113600000
498430783699554305
544337689676636161
580331706860871680
500317687239966722
552839385209917440
524953077456318464
544307871853592576
581255457022570497
544285819108741120
552797170295144449
544412083714928640
544296671950020609
581394092648710144
553171841913602048
553151670796820480
529727601280307201
529723023184498688
553573166116012032
552846544320618496
524935216134369281
552836516775354368
553212333867012096
576687226979004416
553108170726719488
553511977478537216
552980760500916225
529739968470867968
553558982476828674
544418204508893184
553583376398319617
524982608716120065
500310127896199168
553113395487330304
576860068316057600
544302938374426624
552808138127446016
580351149619953664
552842814061424640
552828504060874752
529730550169624579
553145690424344576
544493536771854336
553129378969047043
553105460887572480
544409532324413440
552822330141851649
544433739539812353
500354471525109760
544518590104621058
552834961762709505
524929497205055488
500402908740210688
524976857822011394
553532507623546881
576356996145917952
524935586025861121
499361506132508673
553591317478264832
553538304332017665
524987432656453632
529723420268068865
552805169206157312
580330660537192448
552817146166652928
524928878075457536
529725730603925505
525044166519451648
524974885362479104
553115176057065473
524983050187579393
576855819125432321
553517548734791680
524986210402705408
524982699220803586
553516364879904768
524952995034042368
544394858405060608
524983146266505216
553122276913471488
552814766369284097
544293783702364162
552834732325879809
525069509342683137
524925987239120897
553547836517007360
544370072018378752
581287723841032192
553152215050125313
524991119164473344
552810138114195456
524931752725585921
544410576894427136
499409455814287360
524985046198157313
552809418417790976
553131713376047104
580352532167311362
553575803733426176
524974786460778497
552827117663436801
576819219876225024
553205492458475520
544368246271406080
500072155166814209
552837610897694720
544349042952916993
552984798671945728
553124563266306048
580359405620858880
553141732452626432
552827606715076608
544518337498058753
524948710812581888
553553724548059137
524971258996588544
499678822598340608
525027116287811584
552807101442322432
577269239779893248
525036240848945152
553501773517033472
581325197661376512
544511736465072128
544384041391517697
544356579098001408
544290995462889472
500281131057811456
544371668131393537
553173371043995648
500160181184249856
544357563534680064
544307028815253504
553230614712033283
553215929107382275
580337327677026304
576657704933990400
553588993993232384
544292146342531072
544320939245043712
544392718601183232
524945585539776512
552784898743099392
576427952860045313
552982828963856384
544512078518968320
553582812964876288
580331121180844032
500314545345552384
529726244834017280
553502749498036224
576832918343032832
544274757689307136
500327581514993665
580357920984051712
552814410763603968
498586725502173184
553231516290269184
544280765111218176
580324697415360512
552806610490646528
524976929703997441
581450117972144128
553144928721973248
553214219899117568
525044725926330368
499697498072420352
544514569339953154
553518472798683136
500388477763325952
525023025792835585
498283038338711552
544425457471725568
553123329561743361
544379143136497664
553198268436344832
544342743003045888
500312670260957185
524923462398513152
544326597055369216
553544694765215745
552816497740251136
498302603034640384
580321350750990336
553537939041701888
524987107081977856
499575076468305923
524983581983375360
553493785523400704
552833483325059072
499405013261635584
544469609433563136
553215879979085829
544436172999495680
553209983845023745
552819064301961216
498616975850225664
544402012570284032
552813160110252032
499581469027618816
553591548613386241
544351885298130945
552806937470201856
499650640314777601
529627432996044801
498262106937237504
553590880352088064
498269289812856832
552849865680494595
553218599390040065
500336040440516608
525046462460477440
553206304396038145
524944569528750080
500256984768475136
544439832466817024
553229948153262081
580340476949086208
544301900682629121
500285282650832896
525045145079533568
500350777844457473
524949073154301952
580329455173967872
499376069485821952
580326744357515264
544506443626741762
552792988376915969
544350087020019712
544420375224791040
580328463585841153
553204017552457728
544396608704901120
544356213837017089
525028171549523971
529679551631089664
500281037486698498
552843174218321921
553216451780554752
544395712130449408
524957517294886912
544462438310375425
552845654637436928
500419556629041152
553216909022605312
553205691742425088
553473416905629696
524977830124617728
552785375161499649
500363740311982081
581253085508534272
499700083265269763
544424775939293184
524931083797004288
500403838877462528
499622667142844416
552787231468191744
499696137708658688
552793679082311680
553471987411324929
553566026030272512
544398512931086336
544271069146656768
580350426278719488
525039876366798849
544512108885725184
544382795099799553
498473263862149120
499612545909415938
552847427410341890
524968466559033345
552823427862908928
553569379674521600
553147368913506304
498313143530303488
500277526590423041
552791034447794176
576813256905486336
544519635916169218
499426471300329472
552818799095730176
552849116280393728
544355417900716032
524972277406773248
529641857513308160
544384839906906113
544384467809230848
498476761538371584
580332990867349504
544284957766463488
500292129802186752
524943132409212928
581302297579425793
580336661206331392
499699435551866880
553130475032563712
500280847912955904
524974779540197376
500358977046474754
544392801836728321
552843136238899200
498487087105314816
553508524320653312
544454229960974336
577269846259433472
576171827086520320
499611719090450432
544470398881259520
552845136414380032
544364000897945600
544517264054423552
581258923065389056
580364493928181760
553582251616010240
544296463027961856
544476808566276097
524929796862918656
544467919003213824
544417650680823808
525040408653754368
552835301547442176
524982531075371008
553181500104269824
525062013551001600
544369653015801856
524928119955013632
529651454832037888
552828872379875328
525065430713790465
544480936960606210
524941727753568257
499524024012386304
553152395371630592
500319801344929795
544520690490417152
524938857180303360
524987990524047361
552978376424964097
580328708675887104
552824126659104771
553219651594125312
553531130163773440
524989654995849216
524949526487265280
580319968484421633
544420349052342272
525031610136014848
576443643680178176
500280422295937024
552821069036670976
524939378552864768
544503425082613761
553529789794250753
553099685888790528
499358869492367360
552829734502297600
524981945131102211
553585596959318016
524944544681705472
553586305272389632
499705599454883840
552844643097120768
576319832800555008
524928863714168832
553131797379551232
552783238415265792
552835339325558785
553145759961714688
553570914143854592
553498106588049408
524979133366165504
544415105358643200
581252958446329857
553168698677030913
524975642379816960
500398504075071488
553490238979727360
499590929611640832
553493707472011264
553530513580118016
500335355904540674
524947416869388288
525005886272843776
553149880693456896
544409519380758528
500288263320768512
544403913076924417
544329896529760256
552979571021447168
580320856561209344
524991067675189250
553589055116836864
553199664720543744
544520344976232449
552836913091330051
500364003734867970
544513407400304640
552842837516386304
500318966422589440
552813011803836416
580329875891974145
499649754822103040
524976835881205760
544499449645768706
524942687003484161
544266241511133186
544339368823894019
544348695076954114
553555156391186432
552836586191474689
553539631149756416
544508666724876288
544286537299787777
552846287314640897
544369229987078145
544425494763302913
499585144416514048
544280217104031744
552783745565347840
498544167757570049
524949887591653376
499438052688023552
524962748237889536
524955170200121344
500270055540916224
499665704300191745
498272309535191041
544301961638457344
553487625815064576
580333904126742528
552833658017824768
553181902543126529
524947424482435073
552804962158514176
580884605097664512
544313132865159169
580364934011334656
500301519854379008
498489114384420865
553532736187924480
552848013778251777
553582465734832128
576639665786249216
525025695425380352
544435023282470912
544388658334146561
544310853613281281
553537648938086403
552797729504886784
524953840127574016
498279420885360641
498357910603575296
553189526177579008
552836392678465537
544346359948910592
581063145256538112
525018288330272768
553151328009351169
544509086998749186
553543144172969984
552816233796894720
544470708093747202
544296158206894081
524956731638841344
524959390332239872
580318020192571392
525028522361114625
552850022271033344
580335420703170561
552809336360419329
553486529231089664
500280838710247424
580337440738713600
580324933525467136
552805450350362625
553585504093224962
553172900270727169
499702462865874944
521359863884967936
544515999161393152
500274132756738048
544285508441231361
500393152444772352
524949069945634816
580336348764065793
552784168849907712
552848704819183616
500271532279877632
500396027342376960
544360928603799552
536848962775678976
552851546384646145
576775762461745152
553129117215100928
529734565599121410
544431559320014848
552850599168196608
553506985413713920
524947964620701696
544292910578278400
529729927835557888
580328302939889664
544518707825750016
553555948883959809
552791115599192064
500292806175236096
553561762466115584
524982066564567040
525033697045925888
552830850279424001
553166152344829952
544343367279456256
580319856496644096
499363612260315136
552834640692912128
553145603665186816
544289941996326912
552808487924011008
525005134624215041
553219195056693249
544459882075017216
525036214286815232
552838568717344769
553524086417424384
500251242124173312
580347290633838592
553556844665659392
544493466836017154
552814916567322624
544403112656527360
552814280471367680
553541776854634496
524943886553468929
499438977774931968
524969483317026816
544282015487787008
552841583251701761
544453564718804992
499568802267672576
544489539348471808
552800070199148544
580329747416113152
524998460848611328
525051210349289472
525061787860103169
524981557770350592
580883864521818112
544439521236893696
499497872564703233
544271743331078144
544474138287812608
580327611760545792
576829262927413248
499584618165567488
529742159352975362
553165824979386368
499481575059619840
524930575472136192
500386978467414016
524961561677680640
576530892119793664
553110780745629696
544353793270243328
544284577318318080
524947716393414656
529637341645008896
525020733622464512
552799062421164032
524975705206304769
544309943533600769
552837310707171328
525021083892994049
498455001463664640
499654272342953984
544338731210399744
498284302128668672
553587861837328385
544305745416581120
552805970536333314
544515489016594432
553215313807163392
553185716218650624
552827123963281408
500236774103605248
525038296921960449
553587225901154304
544410050572582912
544301609472122881
525067386849091584
544352727971954690
580323165068509184
553189840913989633
552812572731527168
529728291545284608
553128245420257280
544350985142173697
524991470416461824
524962142563610625
544355197435142145
553139058827096064
524954105471840256
544503037973528577
553578250186665984
552789886202175490
525041091507388416
498277197581664256
544298663061643264
544373504419069952
552824769754976257
529731453865955328
580330441854435328
553186577850335232
576855835445428225
524932327907270656
525069752566575104
525013278343581696
552837775498964992
500359377585704961
552982908865368064
499651830951841794
552816539175763969
544350712365207552
552844167681159169
552830433688571904
544305673287524353
544341124614459393
544453205682556928
580332832544976896
525026219100995584
553582011324329984
499652256288235521
552805619301097472
499688832300630016
524976773671292928
499517463457849345
525025806079504385
499698357397237762
553146248652681217
553196035133440000
553528503573184514
524947971679744000
498474263255330818
498473515302260736
553587546614427649
552984347754897409
544291804057960448
552801667855695873
525028734991343617
499365436816105473
525027539845410816
552830862585503746
553171877464920064
498486539585069056
553588106587545600
524978912145985536
525044004287971329
544469768745398272
498283233982025728
580358227713458176
529399936434327552
544419416578850818
524955159840182272
553535862911541248
500263561298710528
552836444835037184
529670566031421440
580326045238333441
499456140044824576
552830151650967552
544309956250320897
525055879545380864
524922078638903296
552811354323963904
498602787614511104
544367462012432384
552832721945628672
499387698390790144
544372701285351424
552845250268766209
552984231748829184
553107688591089664
524977669902172160
576806702454075392
544448991518130176
552809902956367872
553588946039746560
553589295525941248
552831624283693056
552850079074099201
553540478403366912
499619724222038016
552807834434699264
524958227768020992
525046443103354880
544416937178976256
498303288295817217
498285782512050176
552851433247477760
553553288625672192
544421245698056194
553174338380517376
553544266526760960
500270284117925888
524950321064607744
544444148234076160
552822718115373057
529657139959451648
544318036715782144
544415156659175424
499601956491374594
524944637489086464
499569344184340480
544272561266503681
500365059390836736
544271815007145984
500308076004929537
580883100533690368
524955317201666048
553503909692841984
544432190281359360
544273563872538624
580333881687195648
553196263064498176
524948206023880704
553218281705066496
553563668169125889
553107939926736896
544494408515608576
544317139323473920
525012247249428482
500359323588239360
552812020295532544
524958743000125440
552806077755326464
500409399865651201
580332380436709377
524984773211860994
544324444773433348
529645026452979712
552795056080691200
544500883963518976
552815274848964608
500295333486657536
524924034124107776
544277117039837184
553590072373968897
544306118273794048
498433651835940865
553558108866637824
498356729634390016
552789196906459136
536826643122503680
544389893120856064
553227238829981698
552842140188147712
524958516822671360
524934941914968064
544372222400671744
580329937573302272
544457324211879937
552845671477153793
552831197420994560
580321948070240256
524950455743291392
544376073685712896
524953017389707264
553586978017775616
524983325275197440
524995771587108864
544337283801829376
552796619104866304
553515399438811136
544482664515121153
524965775036387329
536489596423774208
499571799764770816
553541834975498240
553201523577331712
552821050145513472
580371847335821312
544324741239037952
544495975083941889
524944881941495809
580347961256837120
529666235710332928
552982443511144448
524991576163250176
553215383256432640
498500813845966848
544319667364708352
544268637134393344
553181386069143552
544269221564137472
544383022876065792
500393439482368000
544512910538838016
552815712327454720
525068253341970432
544427938372792321
580325090367315968
553176976698376192
525011494896148480
524974106308251648
524951585231994880
576382568586706944
499667482354143232
544277650714677249
552828308744699904
553575450329378816
552848653132767232
544521880661950464
524979946218061824
552827029692104706
580337826279124992
553214783647145984
525021358879936512
544272155144646656
553111820786204672
553151700950065152
580337446170320896
553131566172737536
524936365427806208
552816686752358401
552978476605923328
544492984880754688
499608179362521088
500235112785924096
552814983797821440
553501469388058626
498535462349582337
544274934835707905
553586246883475456
529724985775235072
552831978522021890
580332410853789696
553153740925304832
544281235271745537
544294402366394369
524967231902318592
580333314415919104
500382437655207936
553525290908262400
524977992683237376
524935485370929152
552838287929663489
544301589931241472
553491924015783936
553540131756732416
544444261027299328
552829046485434368
553143017922912256
553186515359379457
552841684485414914
552827848734830592
544317165965303808
553506608203169792
553101451271352320
544458558432350208
529654388269535232
552838479844216833
580338189904285697
552808785329549313
529726642902810625
544513557912879105
552838613877411840
552788007603142656
552835854750605313
552803839490150400
500270456830562305
580362323283615745
544520195659014145
544464695646617600
553115341338198016
544400809182523392
524982907052765184
553567732126736385
544438499642847232
525023642007371776
544329431998038016
524933657493250048
552848726197559296
500277382461530112
553187649943384064
552826724774592512
553170984824733698
544277516773380097
544286688436969472
553138598980370433
553535467065712640
580318938996740096
544355218251452416
524926445496197120
525007169956347904
553591084409184256
553588326578417664
553561169923829760
552819569103220736
552836975741632514
552809042687819776
553113509152952321
553491005971132416
553126517187047424
500377192841609217
576276947648405505
581132461960249344
553215658784456705
499649230181388289
524923678472286209
529540733020405760
544293770926120960
553500238246608896
552816689386373121
553545000110538753
544389506569220096
524955620538343426
529679905483915264
553120849231089664
544517264725516288
581183387848859648
544316046379716608
544448652886818816
524943490887991296
524983366261936130
553541676229472256
580364576560177154
553184643055644674
524947867975561216
498264107460870144
524953530193301505
524922499466022913
544305018439204864
544494312206000128
552829637215408128
552819824007872512
544334612718055424
552790742700417024
544411992279093248
524925033626738688
529648547864399872
576850639600357376
580346824269103105
499455799723184130
524975142641086465
553582057537146880
524955385480753153
499359735947087872
552982635178635265
500277563072475136
544277852968210432
524934300459077632
576238790936662017
552828573896413185
553142344166301696
552788945017516032
525025552634494976
525070912199335937
499586890837016579
544389259491172353
553553244845522945
553149163181838336
552849797892542464
500402804910206976
500180740127342592
544321934410788865
500322285916401664
544273256174198785
524951439417044992
544518859290464256
544465934149513216
581437061363675136
576338374925164544
553187282295877632
529578734102523904
544351133120987136
544511300630753280
544442448965947392
552991544731774976
524969144832491520
544393723099238400
525062993898635264
525038096086499328
544346261365600257
580332903986524160
576516069516525568
544376300417585152
576494415851626496
544446269968908289
581300992194572288
576412144759136256
552834808121163776
553588704913416192
524956007324082177
498530904139378688
544437798426509312
553226624976420864
500247666924986369
552805488631758849
500251535943942145
552804769241526272
524987150413336576
500308705083400193
552849157694947328
525071638464049152
553164985460068352
553107921081749504
544317709396496384
498276304635322368
524953508978909185
524980402495430656
524960247518330881
544298376851111936
553566870750908418
524941124893700096
580341214098137089
581273151612575746
552802128688078848
553556984273072128
500427783848615936
500359983301939200
553148844574511104
524945814796644352
499410901033054208
544287252306997249
524975031059632128
552818685526933505
552808135006887937
552817785949396992
525006356731166720
544293021995393024
524957974226550784
500266967102914560
498256407980826625
544519788752818176
544429350376861696
553566644006817792
499364522038394880
552797406094716929
553486796534054912
544281014768795649
553590750701551616
544496602262806528
524946609453678593
553535829529100288
524988027425554432
524935769614331904
500234112054341632
552785443813457921
580335545265627136
524995942995746819
552821991850668032
552851710880653312
553212338728603648
499560002341044224
544504889746149377
524942952733220865
576709199146717185
553103772852191233
544273220128739329
500296988077076480
552786016906383360
553100922268942336
525023912221212672
544515781367582720
498276771226451968
500251503903662082
499647059688173569
499701669437784064
500325111497777152
553553331671408641
552841562963464195
544378515378814977
544423787949600768
553578029751226369
524979548195024898
524944978288852992
524927356830760961
552799640488517632
544358564484378624
544447757860483072
500298588992593920
499699803576881152
544410806167678976
499387993879511041
544461947882586112
553586421626568704
553585862987235328
553538058440941568
553574709669814272
544279776765431809
553589372084162560
525026947307700225
552786361758265344
544459726948286464
544415425140776961
544389986809036800
553590653784195072
499700861900435456
500311883669585920
553206096131670016
499704416937975809
524949435886096385
580323498905702400
500289307257868288
525032520124207104
580321156508577792
524928960615186432
553151749008424960
552817769604198400
525012561214058496
500332933098385408
524965723672961024
500284699760427009
544487672145018880
553546292748898304
553196930768330753
552851679905734657
552816010752167936
525033778637721600
553194417239363584
525072912957452289
544307040932601857
524924987774631936
544307776135364608
552829129356496896
544272537341812736
498486826269548545
553100996855885824
553120696910364673
553556643456507904
544480905532669952
544464812621578243
524951314556796929
524981565462704129
524987851046658048
553181586829484034
553590751888961536
500277940253634561
499649872534831104
580331527675998208
544284483453595648
544513339544838147
524938433262006272
499526002469797888
499705041238765568
499674991294951424
524933534692442112
499598945417703424
580340024736116736
544291619084959744
500356642329071616
552811772038881280
500308708988301312
524959809402331137
580335608477982720
553133048611753984
544359578612559872
544400775775289344
552834481183539201
552817205982019584
524936008870400000
498466570675716096
500364250461003777
544315187608973312
580325799078793216
498590686065606657
580332532694122497
552982560146726912
544380433014591488
524949003834634240
553100279089205249
544436279442546688
580320612155060224
553536397731442688
500285938824908801
553209843939831809
524944146025312256
553559793940447234
576821651490340864
525025279803424768
553174536028303360
576349360767807488
544520434767503361
553127508150071297
544385829180035072
553548404102414337
544287165912735744
544465040666288129
525000349648949250
553177321218514944
529638205013123073
552795693682032640
500286805720449025
552810287695659009
544379489263042561
544484515742482432
544514207933542401
580370275121938432
552983003308515328
500396175753633792
552814770542628865
552798016646942721
553535468290453504
529738126026358784
544492454016475137
553222727700865025
525059348574130176
500237448798949376
499360784666071040
552838559393013760
544434475807936512
500413818368184321
552804198161854464
553590529548886016
553555705945288704
524959027516932096
553587013409325058
544336736948473856
552837190360006657
524937114539282433
553588178687655936
529733930199814144
500278978557804544
553175550231986177
499381843955707904
524930293921107969
544518044643770368
529689679411810304
500295570393542657
553112230292496384
553583867664535552
498530293116968960
499691702660374528
544450135988899840
500363023958409216
524947149134774272
525029913230053377
499691814358888448
552978435090681856
500359356589019136
544288856263360512
500315536937324544
525066628359127041
500383514567925760
552847548776742914
552985855854661633
544500527720325120
529723807591038977
544307589245587457
524925215235911680
544282005941530624
544443154964152320
524944006577668096
524957872296583168
576796432730071040
553157352091025408
576382704700256256
552836898562265088
552829580579323904
553113938091462656
500364290545958912
552837027616804864
553531413459660800
544329393737170944
498271954185379840
524943504192311296
552817345887207425
553158826435018752
552815682241691648
576423157587906560
529701740925698048
544351356824604673
553137476135432194
499704336935821314
553487971497041920
553531695480463360
544293753130082305
524950117192044544
500287595403022336
544401599414943744
544518033902149632
544516079129993216
524955243185176576
499583424114728961
544380441210277888
581266400192307200
499662393627410432
544381029537312769
500295393301647360
499484255869612034
500236187395571713
498311895716470784
553143905039159297
500314788610985984
524976980799000578
553213740137467907
544291966536523776
544446828654366720
500277477986828288
544399649025433601
576819925005680640
576393784835072001
552831460236099586
500279189405433858
499706350759206912
499602989133594624
529689763230797824
553230256992423936
552836985493409792
499638207987089408
553530558614351873
525057606151602176
498482619232055296
500352655827279874
552837644959621120
499679142766735362
525021132022628353
544518128798294016
499362348940144640
553127274829328385
544455530756841474
553214726629781505
500391462073532416
544346107900207105
544285213891629056
552833681111658496
553105493255000065
544274585697280000
544297950134816768
500307863894786048
499665889198088192
500328583194509315
499660768908832771
500420356621213696
544301025079730176
500070108099002368
524981890567385088
544409869990633473
524955062486196224
553575232867672064
544305859904286720
499402006146977792
552837561119686656
500422971320963072
498268463639851008
524940716733370374
553196953480495105
552836695754678273
553554835203956736
553508098825261056
580327336505176064
544442206832963584
580318717860532224
553556728651210753
544314810884562946
552993818816299008
552801954733490176
529762820108607489
529446466541326336
552823829333291010
544492053900836864
544287209730236416
500313811195158528
524942149973188608
529590474005544960
580328029852856320
544482233038286848
544458083129229312
498254540870017025
524952437137092608
553587920398221313
553470977972375553
553144448452792321
524953767402553345
552829395690201088
544396587192311808
544363391641341952
498323364197699584
524984209505812480
524981427260366848
525033625788907520
580359480782786560
553582039106990080
524958498770395137
552807191775043585
529628988683976704
544389493273276416
576319105965359105
553227258782306304
553153731471364096
544499780479893504
500320616428601344
544482559900393472
524967711492014080
499703369108553730
552818821460148226
525008463819464704
524953918166794240
553180503969644544
553547270264979456
552827008800280576
544329204314406912
499368931367608320
525007810871164929
544338575240609792
580320856905269248
580330560331091968
553483415954411520
553548440563908611
500364705622671360
499440386767859712
553099479381848064
544446282559799296
544444409769512960
553576648973377537
524926528342487041
498492003903356928
552810124776308736
552978642968780800
552823029680852992
500360596995731456
553143415899451393
529724757366022145
544284859628523521
544268186292867072
553584868685520897
524924225463668738
552822076676255744
529726966178787328
544373676842311681
576713397196210176
544520888003985408
552833268362772481
553586860334010368
524943114885427203
580882674413375488
498267196833808384
553159773555023872
553562348376850433
524926279309860864
581405344288608256
498274948772024321
544391533240516608
524993612279336960
580883510103281665
500318336719134720
498277678706077696
498250100079341568
500288971197263873
552841043423805440
499445575956578304
576350258021675009
544521948924248066
553521697350234112
524993172271665153
544391085150457856
524947071770435585
552801979861598208
529712119391199232
524959715957424128
525018799347875841
552850603714826241
544284599996526592
577300802294804481
552833941930274816
499404849835175938
524980579956449281
544282227035869184
525016983646244865
553131557892804609
580327625626927104
544377463581581314
500355828227252225
552848590373392384
552790875492073472
552822696200142850
524995166953033729
529723708207030274
521358118597689344
553472437644320769
524961908903149568
553537280343031808
552804839886184448
525020326816927744
500320286341099523
553589657695715328
544391176137089024
499611069565112320
544387390752567297
524934419270742017
499584606878715905
553106200242700289
544443259804598272
499703794805276672
553484760233017344
544358920869789696
553587303172833280
581061272856326145
580347646465949696
498349598197702656
499362480179912705
529669611030331392
581249720376553472
525033357722550272
544519024156360704
499467982943186944
500283291493494784
544308031446872065
544287083343671296
524961513006964736
525070933556350977
525003468659228672
553157114156560385
552842642216988672
524931324763992064
553129559173115904
544487579048222721
553161458931236864
498267673789472768
524932935137628160
499368533378498560
553132534771744768
544312118497914880
544440498594017280
552847230693310466
553560488056225792
521367917322338304
525055967076290560
553541838494515200
524980166289002496
524941720249978880
553214939838836736
529726566646177794
524962450786226176
524937560276344832
580322653472493569
552796895513681920
552801829290270720
552835385043062784
498472666802958336
553590273952215040
500400102125879296
553531783992868864
544309060883845120
500300813835988992
544402785966772224
552821570423771136
524947744809418752
524964564018790400
525030963781595136
499439550029381632
525040767317082113
544405871703240704
498318192000118784
553589419933196288
553017543330648064
544281689233850370
500287857727377408
553582801833185280
580355037504909312
553171989385728000
553543395017510912
524966596897685504
553164722380742656
524939821815721984
524950404283772930
544301235596054528
544278985249550337
553169114102247424
500309381930844160
500360308289187840
544283745939767296
552825083941879808
544308188909027328
553542516772175873
525059193074487296
500431179925823489
580353737769820160
500357713260724224
499701423135678464
544422678119981056
536824260615237632
544427133398175744
580321203757387776
553119505887395840
552821030117711872
553592023392202752
544274544174071809
544348632980676608
580333759125458944
552822739388882944
552784526955806720
552842762505428992
544508900595499009
553144428584398850
552817101057318913
544514564407427072
524926698165633024
544384349395628033
576767713328144384
544483282352889857
525027651908800512
552794942759010304
524989886483673088
499700824432717824
525056576038518785
553575302392455169
552840905213083648
553542282100871168
544510345289924608
553499806883381249
499403422278619136
544300178443100160
580320684305416192
536835327584141312
552851305023414272
500408607561629698
581063377226637312
529771847186124800
544495737770618880
553221293298819074
524956168754843648
544357264333615104
525031823504850944
553098571323437056
524994747883323392
500360095738626049
499427218171248641
524947414050816000
524965597793107968
524940940721418240
581063957684850688
525006847095615489
553147120942084096
524949837729787905
524936931059056640
553103334626701312
499690604302192640
552844100224172034
576821399983026177
552814317096407040
581262528107384832
553233414145310720
499362269269336064
581287108607811584
552841006799159296
544519694401941504
524956383318650880
553127899033640960
498508707244683264
525047767325220865
544518036255150080
529707148537004033
553552293371871233
544429942323167233
580351390570135552
524964457936863232
552828280806850561
524946808271671297
553581669710831617
544374871812472832
500399997113098240
552798654495354880
552838324977545216
500289154581008384
529729262593773568
524948790227517440
498286045843435521
552833432540430337
552827981069291520
552798891994009601
553105121526427649
544272701108797440
544280077778055168
544330174351679489
544328059482939392
499553426133753857
544299916252573698
499699479688544257
544278913883447298
553538456207777792
552793552376569857
553560219981459457
552838074636718080
500329800725442562
499531968229683200
552849194944167936
576833924736892928
500298752469770240
553576849943826432
524940014065811456
529684962778570753
552797154692300800
552784882687299584
499388398529175552
500320316602974210
552810359409897472
544519245087121408
521350916872876033
500420906670256128
544276998017646593
525052223030845440
581274572823130112
553229592480481281
544332847050670080
553517053110657024
553550448154910720
498499836900278272
500359125310922753
580346992074842112
500399181627162624
552822944603582464
552820331204055041
524949339131904000
524979070288019456
580330078682353665
500281856559161344
525021697003782145
524950203476869120
544472800379940864
553229626756329472
544396816083468290
553585447235223552
576427289111474177
529695483661664257
544497405237161984
544285245600989184
553519997956669440
525027873867198465
500371231183745025
499698825020592129
552846625467817984
553557308937363458
553524183594844160
525003253185277952
544332613532811264
544521788777304064
524974318087061504
553116528074575872
552839975843016706
552811386259386370
580349159569539072
499347831954870274
553189165509394432
576362213134454785
500266977814790144
544356724871036928
525059810312847360
552846463467024384
552797148975464448
544512064694546432
544288135564107776
499620682502635520
544362279006113792
544363471660277760
524951625556066304
524931019745812480
524965406377664512
544511199702822913
552821437678223361
553169622762262529
544516940367413248
521595221155774464
524973811092193280
553111553235361792
544511783940403201
580319458004193280
529723420993683457
552788886355996672
580363156721131521
499706705354448897
500299227969646592
552834754056556544
498345343629541376
552829082388660224
498530946338258944
544316576645017600
553500932521336832
500378522398244865
499411738467794945
544350803125735424
500287491182579712
552851629624803328
544301149348982784
552837035732381696
500307273659318272
553541601482784768
553163344577064960
529728664137904128
553581668142153729
553188225691684864
581063928953876480
544316384273248256
581299354431987712
544366934154678272
553486439129038848
500332097064550400
500370188970524672
553162815402672128
553536532960010240
553514329166061568
552978225094078464
525029954908860417
553205372719472640
553126044375732224
498253149707464704
553590463354380288
544355987608444929
552979420227842048
544281012708970497
525063393309630464
580329206158127104
524969679790817280
552826060455550976
525030117014507523
529671638539698178
544520932405284864
524938288277118976
499706791396392960
581063730319925248
552821659103940608
553118438332571648
552795050502270976
552788555584765952
529723684454666240
544282250503012352
553555600911925249
552822783311630336
552792271243210754
553139825008599041
553180071775993857
553566877956734976
544467710923395073
552807582113730560
552846811359350788
553152831050362882
544289880805605376
524978422188376064
524957554829717504
525019469983531008
552845255796461569
553225359928213505
544350565283532800
577287149516541952
553115926531674112
552840067199533057
524983236712476672
544377700677615616
576814014438703104
499668221767999488
552812951208722432
544514474963922944
553190729447919616
524948703850029056
552846874432909312
553555432577708032
552984916070531072
524950339074523137
580371845997682688
576857359533789184
544506628239028224
544338676835041280
500368724579192832
524946336190586880
525058633730891776
552849662991151104
553490358748061696
580333946271113216
544444539092488192
544312876245057536
524979668282519552
525024181218725888
529725387400835072
580333909008871424
581479017770979329
552798010196107264
500385585807499266
544336585052160001
553540934118694912
552790878805168129
553462249562832897
500380282097520640
529695075560071168
552802011733716992
552790695036321793
553591411602640896
524936966492942336
544492843499540480
553180729254113280
580319078155468800
500328049058279424
553520399300833280
576348679231033344
500411513727750148
552804175310901248
552821862850637825
552835109372825601
553542565593878528
553588913747808256
552839103214288896
500296369224310784
524967510563889152
499530401136668672
552794286849536001
524952005157347328
544517624114081793
552825783337897984
576323086888361984
553517713147301888
580337873691533313
500359075045990401
553551598954491904
544514127197388801
552834461478715392
576815428066009089
552838203078873089
576889864907427840
553545782050045952
544275574642835456
581063906682114048
580334678340558849
552838134627860480
580348878370828288
529722357267857408
544513510450155520
552841477819473920
524944571256434688
544385535909715968
544410895602839552
499657337985323009
544500288183607296
544429514525507585
524960277348233216
553224215676354560
553473704060284928
544370712639590400
524939818347028480
500175929902395392
500074069354905600
544268900351766528
544296985910861824
553589970775343104
553578191391301633
500287313256402945
524966904885428226
498281104865259521
499706065769201666
544423869981802496
553190655011205120
524990163446140928
552842236883652609
576321889276207105
524967811081195520
544427753785659393
544323450270392322
552793551231541249
529664783599943680
544334477011349505
525030165190303744
544301338935312384
580364138020507649
524934648473079808
524935085863481344
499696733979688961
553574522972958721
544372177965834240
529746217098825728
552817293969739778
553535441828605953
500316260081889282
553470492565602305
544294893146091520
552824462958395392
544277817987330049
553143987377561600
499705915227271168
553113536625664000
544310166242734080
580322066374721537
552835221859483649
500341884678836224
544511391349354496
524965047647617024
552819208212717568
576387464924819456
580335398683058176
553224082213601280
529734612998955008
553588012752568321
552850725467082752
529735459069788161
524964223185850368
552802654641225728
553589606307090432
553160898399834112
544314234541469696
524949628689461249
544298959993200640
500396427378298880
524968185016360960
580322346508124160
544301624814870530
524927809773649922
553472488462901248
499700279412281345
552817151112142848
529663474079920128
544406931897479168
552822812281692160
500213598149672960
580882341880446977
553137557601812480
499696744155062272
529702197916090370
524936872666353664
576716016908136448
576409244968361985
524954262657581057
552804394727927808
544427543336464384
552810276635291649
553177822312013825
525044262648676353
553167429665587200
500326267640905728
544514570367168512
553529935789559808
553586538928676864
524949884143927296
524945879455653889
524936137589411840
544306402731507712
552815293349650433
580356429615337472
524959630158725120
580339310299340800
553102828743716864
498463591767756800
576320540983582720
553143519536500738
553135255583219712
500430445830365184
552979466050613248
498292317296812032
576820722426839040
524952341561491459
553469733656203264
544281591833317377
544367862211952641
580328297462140928
499703128540061699
524955388190662657
553135886859534336
552791203432103937
553591980748734464
524948554344054785
525012689568161792
524958599433691136
544372257674788864
500374427448516609
576341809812623360
544280391226761218
498524570593140736
553542208214036480
553172609211596800
553558131369062400
499579650926858240
552981833189969921
524952883343925249
553466755411369985
553588760060125185
544275138712469504
552830599002857472
544338622422335489
552822043490938881
544296772592336896
580882121222434816
544391412075069440
544518841020473345
544520273718812672
552807013764575232
524927288077746176
580351604831846400
553200726403710976
499651344622694400
544300674448887809
552826443965927425
525070461936222208
544518803225604096
499532858399412224
553135106609922049
544280397472088064
553233130275221504
499520839860367360
544301455952588801
529572620782825473
553586897168392192
500287224957898752
500413489882484736
553544419602104320
553531802347122689
552838203276021760
500294349872062464
525025329916948481
500388703114895360
544384662765068288
581359544682614784
500360558806568960
544384680376532992
553518053838061568
553509181446443008
544319274072817664
524935023380545537
524934090542182400
553195138156343296
499705810076053504
524954623145431041
552984502063337472
553484365012148225
524959778125385728
580377986941206528
544282449388519424
500307001629745152
529660296080916480
544509652390924290
524971124845985792
500286460210462720
498287166909579264
553559095798931456
581335535832039424
524970851675176960
498273703428620289
499363975377993729
524945665827545089
544382892378714113
500277311652913152
500319675797209088
500293830827331584
553139573019406336
524969201102901248
529671440829005825
580323992843718656
500382265076379649
499689349420568577
524974518960652290
544296096244441089
498556324868009984
552850379453366272
544319905076903936
553572754746638337
544435176479027200
544427333969805312
525010084003213312
552839869387399168
535434467696189440
553590522800275456
552984511051751425
525057374965739520
544511112654618624
525008613392515073
552810805243412481
500387959468982273
525008469385302017
553128548526227456
576508971923693568
544511151900753921
524973920722878464
500308546815131648
499657584836874240
544520949748752384
524923480173981696
553589285342175232
553534768537939968
500292202845982720
499432557906104320
529725532569886720
500281094239817728
544345939054710785
576338406088687616
544494787168972800
525068387899031552
544351486956670976
553160213839486976
499590048313262080
553591760668991488
552805799106732032
553136565296582657
544508411178536960
544512664769396736
544497191155290112
500291116403789824
524998906799988736
553159409476837376
552792544132997121
552846938677059586
552842761565904896
553586275438301184
500282674200604672
525031558949134336
553214612569456640
544307547390607361
529654489356070912
544395613043818496
553160909208559616
544393165101613056
524922729485848576
553197197618339841
553585530504749057
553570818031374336
552844767281688577
499536812109742080
535828163402543104
553171741804359680
529674474019651584
524933380929245184
498264393185239040
544354657385316352
580377378226049024
553204399439642624
581302544116379648
529696730607271936
553582049282768897
499699989237747712
500288349924782080
544520379176599552
524926184069808129
544271185903484929
500286865963245568
524935633463037953
553228535511650305
544385641975676929
553476490315431937
522286703848218624
500298315368390657
553151132949053440
553582206019723264
553129478008758272
552848961372176384
498305825341845504
525040097272819712
553589330846183425
525025114111635456
576509905596727296
553540355317334016
552807874192482305
524951893467234304
500274697485824000
553229177055219713
499691556652449792
544510450101415936
552978030935941120
552791196247269378
500072098178813954
499701408904798208
553537551114706945
498278882244853760
525047349757100034
552979279039197186
498489451954573312
580882302621843456
500375190535421953
544275597464444929
580325235653799936
580337583508570112
553096978788515840
544373694068686848
544366824997912576
524960580944560128
544427042616254465
553112060788473856
552798200990806016
536848241556721665
499684402616864768
580319206400475136
553591679341842432
525029232691650561
544483003758419969
580326073776357376
500363831957135360
524950395110842369
544514538797035520
544332510440595456
544306719686656000
544399562866053120
552799606833430528
552827349667176448
529646030472904704
544308793623207936
524946753154727936
552813590919778304
553474232596701184
500359117132017665
552802606696136705
552836204283326465
500354853680340993
581256908251758592
544434192478519297
552979275776032768
544381485591982083
544388092552294400
499553298668859392
553553112456499200
553540617540624385
544351969658564608
529763844176896000
580882417117958144
576397815406071808
525006853626159105
553125364520992768
580354367796166656
577303162765250560
553170912129056770
553591758899412993
524964630221705216
544300361360498688
525001895631654912
576325381990535169
581280784155353088
525017500061536258
544301449845305344
524945676443340800
553192366098898945
552800045096259584
580331347752914944
580321844089212928
553474514496278528
544355924224532481
581246782765719552
499553513471741954
499400566397607936
581247335998431232
580332232121933824
544357935439417345
580353540725452800
552833197084778496
544520990538358784
553566829273423872
529739770524860418
544475905926524928
499655603405725696
576327863802138624
580344006682505216
499478126570004480
544425928290750464
498255721260400640
498276354434277376
552832738542514176
529708410464636929
500277421506306048
524940659778920448
524963002768842752
524925553489760256
552980288394231809
553200769671761920
552814845016694786
544286833362747392
553532980871053312
553567850301231106
553584683892871168
524983828000276480
544342204576038912
553586523338440704
500361668132892673
553574345235103746
525002842021445632
553581501422788608
553492305521672192
544475892685099008
544369501857263616
580325458870460416
524961362448240642
580350587289604097
524968205690089472
524961408740380672
553542417673367552
524935816603107328
499406854615597056
544408496918499329
524950899899113473
552826581916594178
524948268355051520
499652628825899009
500371149713178625
524926301678096384
499688532391526400
552808904137408512
553543032642220033
544401573968097280
524955251464736768
544301453717041152
553476880339599360
525038517844709376
524924660480487424
524954661703680000
552849968546213888
552806932176977920
544477834396577793
498585089828478977
498483784296448000
553535221828964352
553160244847984640
552837078854410241
553216460164968449
529828486975066112
499444395800682497
544508035113439232
500369479482630145
552804763461775360
544511489869373440
544449562552045568
553145859089920000
544520802339917824
581047170637381632
552823940440403968
553195827397926912
499702384424022016
500347114975944705
552795566242279424
552810804186460161
553589121776898048
525026592788348929
544352188210745344
553542442373619712
553148984509100032
544380899639689216
529713467184676864
524927281048080385
499695918547861504
553108804934856704
498303769915191297
524974900017373184
552836095332081664
553488850363101184
552820575752974336
498285529704976385
544333020023754752
544519298015039489
498483485133516800
544459137674125312
553474965278691330
580323877429112832
524943721302089728
499648409767538688
498512372584415232
553141087725170688
553163210715844608
524958992330522624
499691501136650240
544427255439425536
499697648866045953
544400853298184194
580319005703069696
552808701065953280
525011747007377408
553116149333114880
544302448522035202
553536236493615104
544374569016885248
553118198741356544
529627936622931968
553502311872733184
553517380995792896
580333827425439745
552982124274647042
499427833102745600
529745609969131522
552789443644751872
524980775741956097
525071376084791297
580323152103911424
524943658748219392
500375545918803970
552851838928953344
553560769246539776
576225987119198208
576471501081292800
552844893148938240
544320179560525824
524943063937208320
524957647653863424
544403564077260800
524934673760530432
552849316021551105
553130148107943937
544285712653500419
544479045149130753
553492417023057920
544300088747884544
500315237375954944
544301786849640448
499647397278937088
552806462125506560
524950584349454337
544373515067998208
553223681409703937
544511773223968768
581409613913804800
524925124303396864
524939142485262337
552827825603219456
525016728091500545
580377478184755201
544378769952505856
580333906597167104
498289596463980544
500321184269881345
500347920210989057
544405761925738496
500292684192686080
544290611856408576
524948941956448257
529733015862513664
498259903962570752
499439795618480128
529735706386898944
553205427253829632
553480702067736578
544292129972170752
576344611519614976
524932558275235840
499687644045918210
544372384690872321
576812336952000512
580351083383517185
500163615555878912
524935146806738944
524993166651318273
524959090125320193
552792253601947648
553574501964079104
552795773180858368
552842755454799872
552791578893619200
524945225253675008
552978586559188992
499695074855624704
552804491821854720
544284526684286976
552825303341740032
499465611647275008
500359223557890048
553531971457265664
553228537084116993
544300945820352512
525030416261337089
500391222075076610
544383649131806722
553161476928978944
544519480018489344
544491151118860289
544317494379294721
525035564014526464
553591518619893760
544406665223999488
544317301064208384
552814767417876480
524938162900967424
576769677592039424
524954630279925760
499703127193305088
524988712367955970
500285962342367232
525058976376193024
544305463048015872
553147341470203906
552978184413921281
544512465099587584
553568095978401793
524969415318982657
580320242020290560
535450182142672897
544377502563459072
499659628645720064
552819986834923520
