525408908484280321
766752508312166402
543586319168196608
689833530197671936
725174535897620481
693691456222052352
690954487322796032
553587303172833280
544306719686656000
693200309955469312
714577521992343552
524685073979678721
763404633217835009
727966590084485120
765779159176077312
518620083342835712
693102420688121856
482880640560271361
764906140257837056
547670441754914816
356437941641416705
525040767317082113
450341615979069440
675005503160901632
506784541696991232
672828403016429568
690106189951139840
532281981795848192
778625026144792577
525019752507658240
514057033419849728
693606934050684928
742678930516123650
489872119158046720
535252460148113409
500288349924782080
525305690257379328
748543642323783681
407198615137181696
517003426832453633
524757333608394752
544290258951892992
509077805296914432
637868242560638980
693181857261719553
618192748735299584
684118654418419712
725070832494624769
767092161716350980
766822417712963584
500286058664579072
693648675772436480
693160939802214400
544513524438155264
80080680482123777
767715489485205505
524959836778536961
724320681517670400
645356735545364480
764573523713011713
525025463648137216
519112613800972288
516475930097643520
407253554039386112
532206910796468224
490136764619948032
747275598347837440
692842124841123842
715253497462145024
767223774072676354
752965545528528898
544520042810200064
693600369281253376
518870005677826050
647168914955243520
525058976376193024
641665203046907904
489796088338341888
539115704285270017
407176055657484289
538010064591028224
504478567062056962
407236151167025152
407164597511393280
524317344730869760
692357775859564544
504131150429061121
716448280201269248
604642913188872192
766307327922335745
531568534066057217
509463916586762241
516425769560866817
536849906997415936
524925730053181440
531900034863091712
761355585724055553
504830161993609216
543436472842334209
525041127343550464
553169307824177152
524943490887991296
614628136634949632
489818014364086273
407191058108256257
538218607822770176
727116900983934976
767170849472405508
524950339074523137
524291188422356993
407181813174788096
547803254516490240
521772674155286528
387007120689737729
692078399012130816
524952883343925249
538137715293061120
692929779696275456
544283772569788416
525711899359318016
692707593991643136
766316494695305218
427831952826449920
531648145613398016
501781217411215360
652349108653551616
726442550266044416
715515982584881152
663722803489808384
650710483289419776
658259426172891136
688755462783782912
553508098825261056
576513463738109954
691380348379201536
524972443308683264
526757033186697216
691064699853606913
524926235030589440
544274934835707905
572002458647412736
724044187113512960
692797856386777089
656361703664451585
692691444046372865
724624672604610562
553512735192141826
551942365901250560
515519742355185664
693240976970752004
707405809181917184
693792605755285504
547525843749470208
521821037726797824
529747368087126019
676718762830221312
513015596879867904
552112474913136641
717081129627553792
544282005941530624
554655549896159233
693411834808946688
537913349338435584
372914976102834176
626516248206135296
716092408920936448
692540218310803456
407182194206322689
554979642210549760
693934062445187072
707321278135463936
676970570160988160
511918957255991296
614595106906226688
546028163134808064
651321040119963648
407169212428206080
651959206287908868
489854703321509888
407279190913069056
504387128013246465
504771233557147648
692497796956561408
764368020391223296
562256876763901953
766715993385267201
651018580989972480
515538937058971648
656830586577883136
650952376954650629
692106491365605376
642145732435292160
537377960471166976
407290084593913856
517051126466625536
649903655160815616
500341884678836224
705092738224525312
525300042207612928
524951893467234304
767463109778894848
615494435074363392
693869818366287872
521496155310796800
525033697045925888
528562608463704064
524967711492014080
692745861978263552
519962130859429888
528976109518721024
687639526282498049
692046121250586624
407192027714322432
724624672604610562
552821069036670976
724703995147751424
655432919595548672
716457799392342018
519935535083565056
514517213022543872
767360696761905153
665498651742085124
530017051025604609
491200302365040640
693718533239365633
766789709045518336
522815405451407360
747275598347837440
519867098945044480
552802654641225728
614626710248534016
692838430783332357
693171092555431936
692838349036326912
613061089518034944
534678919656775680
623533663947517952
687409983139495939
631388553801564160
407254590363426816
673346166822694914
544517264054423552
692884886374318081
614638036593299456
656870311057575936
614599619310407680
544391176137089024
693806234026188801
767823175480647681
552677176873455616
528240834660298753
692796451987034113
516345893139001346
763430916236640256
693068611951300608
693136527816331264
427924694663454720
727179214546456577
524993533212897281
514106939173634048
348203818741272576
525301290218553344
767561970182598657
547158281005719552
762793077509464064
693844030589902848
692758581494599681
693466724822323200
544352727971954690
764368020391223296
779633844680962048
714503380476026880
614467824313106432
667073349974102017
553184482241814530
692692529779707904
693670046497935361
407174474207731712
544350712365207552
531565935128498176
542600886653292545
524144369235140608
553476880339599360
767710042816602112
662151653462790144
550038665653542913
613023744454475776
500290456845299714
692892472729415680
672902686380003328
766541461189832704
387353560356118528
531526274003771392
531085761521528834
681767380305985536
552793679082311680
553160652567498752
614609560658161664
693466451081060353
500377145349521411
507257950868885504
407258075502899200
616686132387028992
509473920060104704
553586897168392192
538166788484509696
666107476526432256
675490515748425728
519131101798100992
614595181845839873
755548076438196225
674244561519161344
531833233143783424
407191144880439298
727623131494387714
692105324111761408
532239131540467712
613393657161510913
554958414905094144
688096910217879554
692812029611089920
634665777400950784
692736398462300162
499456140044824576
499683602452717569
673079581520318464
693119705469587456
501774615837163521
436157173161144321
650254360727973889
534392174876839936
407205009676587009
692758050378256388
552146635707666433
489874311143260160
687786822475366401
489902412900343809
659428447459110912
525029684095221760
674358835675549696
641191076716417025
544457299667202048
500295393301647360
407213772328022016
663385747177775105
525024518713397249
692550140754841603
501774251901198336
543319210659971073
674301413040758785
407209131351629824
693866093123915776
651825062174195712
552832817089236992
692701223326056449
689103487880310785
661870323034431489
531525016794697729
764449685897568256
563117355254161408
715254040289021952
618805892222468096
500308076004929537
676094756758364160
742114513726623744
723521076446142465
707332312724283392
648310692794109952
524976526891417600
538193964479045633
491241885399539712
519530210795216896
536826622725218304
553264892799488000
692498490249891842
692759090469212160
273278761909239808
692463948076093440
80084555733803009
551128385850601472
532319110458118144
767814876433571840
522453569702989824
562387516964491265
357299879070023680
614593386188828672
524931324763992064
675434959939756032
693554344298467328
567596847330373632
568452856224747520
628319096606732290
529434230938284032
693807822971236353
688281442162352128
436160836524965891
612646796355960832
716448280201269248
554886875303780352
693858804279201794
688021039322894336
529857740059860992
743764020679741440
693821069879160832
766808183696351233
693605375803813889
755447443009916929
532928419051622400
691986377584549888
524976106861236226
667487418388488192
553534838880608256
524932935137628160
514081464171102208
751536167183613952
530943279161155584
641666167992647681
542860306603868160
688027085730897921
553103772852191233
407229989902225408
514098803347951616
730939370765754368
387006700609228801
659439879701602304
580325090367315968
693818562981421056
691995324752252930
552615631246622721
509466295344304129
655432919595548672
756690088533393409
551097831851687938
532602376398462976
613362193787129860
495305620342714369
489798752438583297
648993731169939456
693935557009801218
692134721195786240
544319832486064128
692745208421679104
626739062792032256
553518472798683136
620916279608651776
427689948398231552
767068504277344260
500391222075076610
693071538896162816
514483762566922240
542423103834296323
693711272014155776
501827465032237056
645711628046995462
629209452793626624
690580180805509121
765359928361922560
692688891174739968
554688527435563008
536540403109879809
523535962962280448
514201362729828352
727172374999666688
672102358516670465
613404935003217920
535484342785830912
553040930144792576
614617234942656512
765887221736046592
501785003144273921
524699123971534848
524988712367955970
532284428542681088
407248574099894272
623818627054206977
544329935943237632
516321020815228929
511330322831507456
649881917534433280
757367391202471937
407162181059612672
649985459389661184
552806757672964097
652982112870662144
527162170531151872
91728807081426944
766323684076322816
741995157969592321
407156621450571777
743058135300988932
692623941131722752
551106923601219585
763520953619918848
693803472806760448
656880145769197568
692332739824095234
763738618573623297
594687353937100801
688752484966363136
614618682543616000
427690961280696320
489794369487380480
628045645010608128
489836271049928704
528237933661544448
692217618778972161
616765822095261700
528495998537334785
520338188213444608
551120768164462592
524925987239120897
686657138270277634
748543642323783681
614645853291155457
525291306000846848
674187250792558592
665364878287224834
524937542131793920
510918747188514816
544698560655400961
633949800761700352
532275347413544961
692047663211085825
532208816692416512
767668607803359234
729647367457230850
544380742076088320
376874273601630208
697992796565741569
489841070818488320
489794593580650497
662381914842603520
356310469390245888
672632863452299264
273182568298450945
521882110789824512
701175292937707520
366205297557110784
436215971272212480
500319801344929795
692127290998784001
525024066152169473
765612862681255936
655812191233417216
707420972173955072
728013148788154368
407159686786732032
544287209730236416
351767344097398785
387021726007042051
690042063958732800
514072132301910016
536991428694376448
514150992552931328
693573781730783232
500363126294863876
649584608560832513
693643778033344512
687643002240679936
655812191233417216
523562674487975937
514106273852174337
627828211003469825
693146363685642240
538930446814703616
662430295254175744
674314254732931072
544289941996326912
570341828479725570
536738726693847041
524950264303075328
693485676881403905
504267796424163328
427762638274437120
532106726539939841
544399927045283840
516978780171436032
727172374999666688
651402689352351744
656818921979310081
436195672677953536
538408710084001793
693487871806689280
729647367457230850
509478961705807872
549975297160802304
436157398269849602
664000310856310784
547807913671405568
715671763808493569
520630231531802624
518192429153783808
723511860516016128
778530869208190976
693785810311778304
654343805081157633
693265096278163456
688751061503442944
525043936331857923
407192126032986112
552791578893619200
687945926774800385
723198441690636288
498430783699554305
656825206045020160
553505242554175489
544282227035869184
764497123530375169
692816955837804544
726190016435728385
655986243042459648
661222523275636736
489798752358916096
499679379820412928
295152287901417472
614648099542204416
524941132237910016
510906049549705216
767698691205410816
509031495101874176
524320261667950592
500363740311982081
693214543615561729
524923462398513152
514508854990999553
676870737932742656
663817239896821760
728273551883534336
687766167558164481
407161635439013888
614594667225571328
517416417164263424
686701278785843200
532203605236154368
742012307694223361
536827853669941248
686527768327274497
387309869080281088
692924229017309184
513749585391390720
728013148788154368
535579674152148992
632377165477191680
544271362022338560
620367840902782976
751856580874960897
527138218505175040
407253198395555840
489816746405007360
663925546812837888
643139873264812032
692840850141753347
692134022839955456
552792802309181440
638050997340893184
524925033626738688
654351281260113920
758825535480864769
523545090099523584
551135925862805504
524987184836005889
642465192408940544
509463933564891137
544567299102244864
647169726158925824
675043569367982081
674263945172119552
652992524504600576
757190314880884736
524929796862918656
524976963862429697
513779458340569088
490080544949276672
690670464440504320
693465666259656705
742055437932040193
765934198297362432
640107106943766528
525040836757958657
727623131494387714
544278985249550337
723365789378584578
761675705956655109
521663202183348224
760928376668454912
553531413459660800
765631087867367426
643103859729166337
524927281048080385
552498516225179650
614610920782888960
519447199164665856
763524712853102596
387009577763360768
521770744855134208
551123464640536576
745365403237376000
693534177694609409
553461741917863936
688932211714818048
516636338679197697
688751183645782016
651858133304782848
504304227246538752
514451906211893248
500258409988763649
692946556396244992
524966904885428226
693912520923295745
765735409984806912
658755852199927808
524959809402331137
743058135300988932
689555819059351552
524925124303396864
524586367456919552
692063305297453060
524923341359300608
673581371458199552
509114008587100160
693060960001597440
777710439870455808
516435293235183617
641082932740947972
676491949524713473
714998347111669760
622858454949040128
554722567224049664
265953285247209472
407232661107642368
519868410599993344
407158558158254081
364589696573124609
498280126254428160
535315394127728641
614610364702044164
553115168084074497
525028734991343617
693079616072880128
547509900130021377
510908595144519680
693648684857323521
407267881131732992
693571567377342466
707310135291416576
765887221736046592
531300385248800768
490141776984825856
693676692309700609
336873759271157760
642027433693171712
516539137646542848
510916725953417218
692927739066740741
537976883150077952
774833492865593344
544358564484378624
755475529294352385
509464457836511232
527308173112139776
614615157730357248
500378223977721856
693123067204243456
524923293711998976
767859423150759936
614610102927147008
755548076438196225
692765809425408000
318263294098030593
677950378785271808
523126268603031552
531193369465470976
570405783306944514
640644123339431936
539052152602107904
707405809181917184
525068915068923904
636925368927064064
534278078105944064
732971411157880832
673872171341447169
538760398003253248
489812926828924928
692516224245235712
407237676350185475
612438528803213312
614604054552018944
407169699559247872
544154048950435840
535507913226190849
538851683141304320
544278335455776769
514148279601606656
647193820812177408
687674548712505346
728625967921401856
692764799315398656
673984270902427650
523820806917603328
552706985087361025
510286132568150016
535474881090322432
693795905049329664
524181699043663872
524961908903149568
544504183341064192
748640007934590976
690252631822864384
524936872666353664
552457656666185728
693673606279229440
531606992788287489
767094580634202112
693281966846808064
524975705206304769
693129259334909952
690680149164085248
516371936604352513
673664899571060736
544350567183556608
553190393370923008
692854695262445568
674364257799004160
517850508380618752
517038566061658114
503498696273965056
707786906189303808
767203096472719364
524930365400821761
723504069814444033
553543369604210689
693893182338289664
514109888138842113
524922729485848576
560207034545889281
767528171520524288
652882609219833856
544289311504355328
524977992683237376
614601139422633984
656662726014599168
707308274270539777
552984502063337472
724661834419048448
407167258452971520
524935246647926784
527272948680622080
521789009576476673
693456340790804480
553590835850514433
523558773345255424
524925600318754816
640182854928961536
500347114975944705
670380354822348801
407193347279699968
544520273718812672
692940257134653441
568568737621630977
524962676665888769
525008463819464704
756282236375277568
692376812022792196
576319832800555008
676586804242309121
521790189715615744
693560600471863296
693811101146963968
544291965513134080
661102820976930816
553136604882014208
669613420665159680
518866406512025602
387031585834278912
693501482721681408
522321383716818944
641972184412327937
553566026030272512
692630756548591616
693203974388895744
549599086073368576
537006518118273025
528389559441444864
692792765852286977
560873850846846978
656955120626880512
689853056440221696
499612545909415938
552792544132997121
764620072228970496
489836441120145408
527947775905103872
650975967146602496
514540926640087040
489887806018183168
372489152903643136
675065047710892033
637382230394822656
524185876931162112
407192370040803329
515918632178577408
539799806039052288
690915657106526208
651486105628463105
518827403452637184
489867900296368129
356297080169447425
663744139666804736
524952094986350592
723521076446142465
489872500462190593
553271856786968576
544476808566276097
514550436377137152
542320823915536384
506656271517622272
651786568592658433
716439952922312704
693121477491757056
686666933949837312
692453106622275585
673686233936072704
614607711368519680
538412662858588160
693125234317086720
615592870540488704
693523133920342016
528341588867416064
767541796410839040
407179055763836928
507454543169617920
556541489388724224
693139276708585472
407182466613792768
554597409351671808
701872343736520704
552810448324943872
524998384357486592
356268980211687424
727187859367546880
693118410444636161
489820657291911168
387010299536355328
516394449065496577
693502060545703937
407244865018155008
509464271118688257
524969201102901248
560163341524807680
668144671772778497
524947674164760577
525116411887513602
561280944045576192
661299012386095105
533734824905670656
515598200796090369
513922322915282945
537378640653475841
566999951449001984
516727880571572225
691285663522648065
508002575858561024
693769968199061504
532199717594497024
528676615207653376
553579224402235393
535282587325833216
614594195479752704
692423131726749697
523888836456108032
626546123713474560
531659884430106624
536871550184869888
722885778448121857
524944881941495809
557621135320178688
551159366876147714
723025600810766336
655080266784968705
516423807394131968
688757736310484994
652982112870662144
745365403237376000
531973383198887936
553099685888790528
752965545528528898
658755852199927808
519275971758026752
544289409294553088
693272659447119873
693533469922693120
726190016435728385
689529955294777344
663744139666804736
614624331717545984
489865454312099840
523123779124600833
386998038004113409
726043971911213057
491591245152935936
650046859537448960
707305999971921920
690296550803636224
722885778448121857
407234399093022720
553587013409325058
523026678419714048
407262953533353984
728038172270198787
743126914794037248
669259395902152704
538133250066366464
500378522788315137
692405195796529152
524932056560963584
553548567420628992
497073936077959169
653250169752977408
520299904934371328
693459931022913536
614620298877513729
749286768554438658
692031224227958789
536835346932441088
500281094239817728
759653274605740032
693456187036037123
553960736964476928
407197113286545409
519311120914722816
663904307113275392
724703995147751424
523939598691741696
551106793959862272
666640008149925893
510507736287961088
524191650420367360
757748522481491968
523655026485366784
538975342011363328
500278294055768064
370855596050108416
691632238035886081
528607634099015680
665361505303584774
500280838710247424
667534186450825216
531287426858487808
693107789007339521
524935485370929152
692780496590254081
365497016098369536
544291804057960448
544512664769396736
524294016435634178
656595123590012928
504419526998360064
740748123581087745
666810213274689537
524935769614331904
688441130271289350
544374511194632192
742012307694223361
407209892013821952
693196937172951040
714531423273746432
604354747357859842
765739657908850688
407218583135997953
692393375891361794
524928119955013632
376982539132366848
701175292937707520
532851585408593920
668872645589471232
687274510643511296
514308277803294721
504244627680272384
357300409292959744
510922415468449792
744390771869102080
525077806401994754
543443188934250496
507634536176300032
560133068670140417
693116426824093696
510916647373516800
544305540286148609
687631811560763392
626642648179159040
727982226290442240
666335363099660288
692290126282649601
645362146415525888
707300612862566400
760109079133990912
674229534888185856
524934138563133440
688763993633107968
767515401831997440
514098833253748736
692190570140340229
407223928084766721
544328894812549121
436089462326849536
693549273468764160
524965775036387329
691678576018657281
614608936491188225
553506608203169792
504109775358287872
532197572698320896
687911282922631168
651786568592658433
676955015265837056
553535829017370625
684488313512800256
715255507506892800
505611045897924608
500332933098385408
524930671220105216
563123548857053184
407217865973329920
676586804242309121
755475529294352385
676367888543031296
544510450101415936
387237225286479872
692382471061663744
665379967757324288
407163499723624449
681147789653356544
524944399890124801
551103664124100608
767444114229059584
666633171325353989
614702244001382400
524925215235911680
690985215691354112
507261372313640961
672169954016403456
524961721744900097
689267711856263168
728207861050970112
760120409429643266
647464349611589632
689915847939219456
566089610485579776
685232704774787072
612741808125120513
500413818368184321
693512850539683842
470025166760980483
667465205258051584
407184707118309376
553470492565602305
525285199530455040
652349108653551616
532231906364911616
520244836084228096
742114513726623744
427662266993889280
552785375161499649
372901260183494656
504450741126582275
692506143147606016
714598318333042688
640118021101604864
714560810266132480
489833932813516800
613425834301485056
622891631293935616
559787890402541568
655815788675399680
504652021601800193
435998882250899456
691600834707247104
687617323235147776
544358533819420672
519348106836860929
628336948810268673
767715524222578688
653285570383335424
407217471473451008
455525437351800832
656361703664451585
496698590153416704
763896522790440960
519078654635409410
553589051044151296
660466342038867969
692374052082708480
723365789378584578
763896522790440960
656834590779289600
532259028152246272
614054616154550273
648894687542034432
407173794583695360
519704006826807296
747443219487678464
693441093048766464
692932696645865472
536808074431184896
637873886072320001
514468018970034176
650952376954650629
533767270091087872
693236688538243074
693315824132685824
505657661120348163
514100169307348992
759460236042305536
551099691702956032
580320684305416192
524965786059026432
528822281972498432
692735354240114688
707321278135463936
693321561542127616
521727831307722753
501881262240694272
691027026552229888
525025279803424768
489802446001434625
658786161733734400
553115236992290816
506118402466152449
767710245779103744
356407105953071107
691564354567798784
504453071041482753
522654603675176960
688752927381581824
687748306571804672
524948703850029056
767355933919997952
693921710383337472
715255507506892800
634943791934406657
688520025754304512
693804277031157761
524941504796962816
716461257025581056
380055172896272384
534205316620382208
626897206717624320
688461902821855232
523581212175392768
524593547807178753
714560810266132480
727966590084485120
614891047886434304
778949749156245504
365276206381268995
531498841158082562
524976980799000578
365052155385749505
715515982584881152
524178388282802176
692083780123783172
428366153149194240
352075672543428608
427666815842414592
436146437530075136
489970164469751808
538729383662338049
755523157700648960
549964632883232768
539658034382123008
682996350909157376
691410231549530112
534461459938304001
550095745161134080
653285570383335424
553008832784642048
614594259900080128
748558349139058688
532284831783460864
533811170889568256
672513234419638273
514512849876836352
614599815280857088
532246457609244672
538847758032310272
536504515843727361
690920430287331328
742055437932040193
540643709465812992
692890520960397312
524923676484177920
495583434954514432
613294443878305796
705093513076015104
658462819667615744
692163879909064704
380140114552188928
500371149713178625
693662456393134080
693239731031683072
489829414704648192
550003619303788545
614790312955904000
644229386149888001
678277910537588737
568075025418317826
358591089462099968
534337548680978432
562093717201616896
524289058290159616
665302351742275584
693080409282846720
531129816389779456
672632899921833984
714555825122107392
513437031020916738
436074888638763008
489798219283857408
531634492528939008
693481256735150082
692150118921957376
569908998717243392
672219174463275008
507354546041925632
620971220301787136
689236842454106113
690431187916099584
553221600955621376
716416753409081344
674080899055546368
693476901772513280
387233034350514176
499366666300846081
655815788675399680
518830518792892416
553590459688570880
524929106987991040
676120162018451456
616311563071434753
552834961762709505
525024181218725888
742571519105077248
656047932093763584
518981379963777025
524941041301225472
673611867181473792
524949828711620608
489974591985840128
407188779255222273
668849913678209024
549124560793374720
516804849619705859
689722724470620161
531530591427391488
407177474788057088
674015148382666752
616481759329427456
614593989203886080
521444489697583104
691889802724118532
544514570367168512
549920761423863808
524928878075457536
692753210692476928
689890946683576322
671181758692507648
524933380929245184
531108688749404160
763428684850094080
690650123358093312
553061846081896449
692845716826300418
712223438698627073
544512108885725184
689694470779097088
510916464631889920
767861179951648768
689938201193115648
623599854661541888
550284252672450560
727834854931435522
520284654755381249
672180526946656256
534543768653807618
