553589606307090432
500281856559161344
552831506041683970
552805956619628544
544410050572582912
500277421506306048
524942353355005952
524979179235069952
544275597464444929
553175714128990208
553544419602104320
524941124893700096
524993523746373633
553489837542899712
500390232756617216
576338406088687616
552836586191474689
544435863946416129
498269697453084672
499444395800682497
552825844755083265
500288349924782080
553206096131670016
553216460164968449
552813155572006912
500378522398244865
552835109372825601
524976526891417600
544519694401941504
553218001181605889
524925553489760256
544494721872433152
581132461960249344
500429525558505473
581409613913804800
552984474729062401
524964223185850368
552785367972450304
581387966125248512
524974518960652290
544354418938740736
524946753154727936
544417650680823808
529664783599943680
544352188210745344
499598154581303296
576429318701760512
500393439482368000
553145130354765824
544287083343671296
553183099610095616
524976773671292928
552847627319259137
525035832336736257
544372545219489792
580882701063979008
544513557912879105
552851305023414272
552790371848040449
553148926459920386
544420963429797889
580324027715063808
553578250186665984
544277607723048961
500269950876286976
553165418639413248
524968330172850177
553164722380742656
524952322703900672
553128325217275905
580332109782466561
524991067675189250
544334394912014336
499366977497214976
544332510440595456
552841043423805440
576860068316057600
524971124845985792
544447757860483072
553169114102247424
552810805243412481
552834808121163776
580329937573302272
552820331204055041
524937204552843268
553588946039746560
544401573968097280
544508995361202176
553183067670843392
553475729187680258
500236187395571713
581288928646340608
552984940900384769
499657337985323009
544387390752567297
553550030553243650
552982124274647042
521367917322338304
500070108099002368
525033278555033601
553509181446443008
553213362713399297
525029954908860417
580336568419921920
553531343834202112
525021132022628353
552978476605923328
580338194731962368
544521260840267776
524926279309860864
581359544682614784
524934419270742017
544515538383564801
552797638807281664
524944978288852992
544477802255630336
552836913091330051
552836898562265088
553109319764291584
500308076004929537
552830862585503746
552836100814032896
552813160110252032
553140461540343808
525009850104037376
553542784800792577
498254540870017025
524966596897685504
552851433247477760
544467299218886656
552846337746952194
580339662096605184
544401599414943744
553540617540624385
524980744658382848
498463733447163905
553145236268916736
525012247249428482
552814216550563840
580330740086243328
499696137708658688
544394005182963712
553575450329378816
553112230292496384
500413956230365185
524937114539282433
576552070456741888
576757242042703872
580358227713458176
553486601146617856
544416937178976256
553160909208559616
552791034447794176
552826443965927425
544301338935312384
544470398881259520
535828163402543104
544390718253699072
553583376398319617
500296369224310784
552825739075022848
580335102313500673
500375737439096833
580332903986524160
498274692873351170
544340812448804864
553591494255210497
552788007603142656
553201965002653696
544369229987078145
580321350750990336
553177833686589440
544516940367413248
499667557247614977
553586781355278336
499699989237747712
525050193360613376
524979070288019456
525019265888702464
500290977798836225
553152395371630592
524954623145431041
553187683510812672
525034332474601472
553588374280601600
553143519536500738
553118198741356544
553536397731442688
552784882687299584
553157384714342400
553591259672379392
498494758814109696
553570203678683136
544294890343915520
544474138287812608
580324721381740544
544519298015039489
553465105028222976
581256908251758592
525012738280792065
544349042952916993
525046432085327872
524937574281121793
580329875891974145
500398901028196354
524972277406773248
553526776878469121
552802098602319873
553575803733426176
544491160803106816
498556324868009984
525007664544493569
552805488631758849
552831266945794048
498292602861400064
524924619812511746
544419029905985536
544359422726664192
552795056080691200
524994747883323392
552814076167213056
500407038800056321
544274364288364544
553135106609922049
544429942323167233
544393723099238400
500189389855916032
544319905076903936
544520434767503361
553586798451257344
500302577557573632
500072334578159616
552834461478715392
524998906799988736
499689757652566016
553476600985948160
544293753130082305
524949628689461249
500405877460193280
544401029211496449
553151201253294080
553517713147301888
524940659778920448
544391176137089024
552835794646212608
553522808417157120
544508313220567041
524924660480487424
553115176057065473
553591679341842432
553506608203169792
552810448324943872
544281589749137408
524983146266505216
544415156659175424
529721745486659584
581252958446329857
552822696200142850
552797154692300800
524949733983657984
553586959596396544
553133048611753984
553537380209401856
500347920210989057
498483485133516800
544400775775289344
524925033626738688
552833681111658496
498602841335169024
553488824656203776
576850639600357376
544472800379940864
524966946467749888
544290611856408576
553589372084162560
525057606151602176
576356996145917952
524927281048080385
499363921661140993
525033697045925888
524944788525973505
552801954733490176
577311956048154625
552822566726164481
524923403183333376
544519358090084354
544403765575839744
544480083982168064
500314788610985984
553542245966958592
524981565462704129
499366930457710592
552798891994009601
500388703114895360
524942470472548352
500070699768496128
553474232596701184
529707148537004033
553470977972375553
552839190921351168
525072912957452289
500360094924931073
529726211241803776
581274572823130112
544444261027299328
553517548734791680
500363602943942657
499600140580044800
553555432577708032
498316475317239809
499467982943186944
552849585899462659
525047104239333377
500283831803326464
553584173420920833
544518128798294016
498318192000118784
552801894092275712
580332312354693120
524947036228317184
580326370640818176
580339793122447361
500280809652514816
552823427862908928
553579224402235393
553151749008424960
552849662991151104
500349179848560640
544356579098001408
498474263255330818
500317579060449280
553110783761338368
576831447299796994
524941727753568257
552786016906383360
552806309540528128
552811533303296001
581063957684850688
581245152158728192
553530667821457408
500307863894786048
544434450918932480
552817769604198400
500288693031419904
580354367796166656
552850092806258690
500363024926900224
553509146730176513
553471987411324929
499697037156171776
580331192316198912
521595221155774464
544511263788003329
536826643122503680
544308490840195072
500290098647547904
525007337724325889
544378468931076097
581293286268129280
581183387848859648
552822544341139458
499700083265269763
525040408653754368
553157352091025408
552844893148938240
524951585231994880
553189490521812992
552829096816693248
552787544837197824
544277117039837184
544396587192311808
552829129356496896
529642612618035202
524953391634866176
544404072179060736
552819316702199811
553235360722214912
544302851158470657
499651344622694400
552804839886184448
580697361799876608
544284526684286976
525059810312847360
499700824432717824
580319856496644096
580335420703170561
552787599031828480
553540355317334016
525030165190303744
552985973445783552
498259903962570752
544407139205132288
544495167836016640
544269749405097984
553553244845522945
553190393370923008
544330542871633920
500422971320963072
552838613877411840
544514883484520448
500355259341242370
500363831957135360
500256984768475136
553212702714499074
552982908865368064
525028522361114625
544280516821024769
552808785329549313
552817490263572480
544312732443348995
498264107460870144
553546063752478722
524974779540197376
580319983676313601
553531781690163201
576657704933990400
576815428066009089
500292806175236096
524947502903345153
529738126026358784
552849116280393728
553540719714271233
553201539737976833
576855835445428225
552849515271958528
552848013778251777
553583670343524352
544482664515121153
552824705703763969
552785375161499649
535450182142672897
576338374925164544
529739770524860418
544314464569675776
544301786849640448
544316978278592512
499697648866045953
525008463819464704
500283314230419456
524958227768020992
553136237083889664
553585840270876672
525039002307424256
544288773023203328
576389113319944193
553218599390040065
581301262269829120
553139058827096064
524996383120818176
576341809812623360
499706791396392960
544495359800930304
553535221828964352
553205372719472640
544311959483473920
552832291601674240
552817151112142848
580326398620934144
524975093966209025
525029913230053377
544325896661114881
544401675789033473
524965165759221760
524969201102901248
544508900595499009
552823949311369216
498305825341845504
576807652145160192
544340943965409281
580318020192571392
552825211654246401
552821730100924417
553541988490825728
525032458417610752
524943812339437569
500300813835988992
499601956491374594
553214939838836736
552796269069209600
499457882144796672
544425494763302913
544307417677189121
524972443308683264
524955083297931264
544293739221368832
580377986941206528
553555593034596352
552817785949396992
581253085508534272
499612195756728320
553185062829948928
580343473607438336
524981223291383809
553186026811039745
553146494271094784
499519101644308480
500349993539358720
524955102554361856
524941318389501953
524939378552864768
553200115079712768
552790875492073472
499697498072420352
576833924967493633
500293872162205697
544361776020586496
544374871812472832
524953840127574016
544403526773125120
580322349569994752
580326045238333441
499660768908832771
544279603259248640
529628988683976704
553120696910364673
552826060455550976
553196035133440000
499703033174179840
524974786460778497
553570659805454336
553588913747808256
499383196451368960
499637476315910146
552797148975464448
576350258021675009
544307547390607361
498274493337702401
524988712367955970
524979668282519552
500287857727377408
552838710296080384
544454229960974336
524955251464736768
580326111311171584
500339591392817152
544520042810200064
552839843999645697
553236009081921536
552815091331366912
544353303468199936
500377145349521411
544348695076954114
544431559320014848
499553426133753857
544518033902149632
499453410744483842
552827117663436801
553484619426062336
500325111497777152
553105493255000065
580352532167311362
524978855531253760
544479045149130753
552794942759010304
500363126294863876
524995812854489089
544476808566276097
553586940856242178
499679142766735362
580320893668364288
500318003024494596
544480936960606210
524943886553468929
524947716393414656
552816600995614721
552793759210307584
524967231902318592
529694805010685952
552787321561812992
552812475134275584
544332519861022720
553227441712668672
544412767240085504
552844023996907520
580336772128870400
525044166519451648
553543939517874176
544458427263512576
500382853147164672
524969963850051584
544515999161393152
553215929107382275
576812998418939904
552841562963464195
552831107985858560
553169577228926976
524941041301225472
525042177643016192
552823940440403968
544277817987330049
580352540316946432
499368426931228672
544419008615702528
524953017389707264
553591049541914624
553529935789559808
499650640314777601
553584366803488770
553591758899412993
544438499642847232
544384825332101120
500368579875704832
544374018661687296
544373504419069952
525038517844709376
544500883963518976
499360134779637761
544406931897479168
544379143136497664
553514505633017856
552817293969739778
500335355904540674
580365989780520960
553189024941481985
553585504093224962
553586523338440704
552833483325059072
499704667195322368
544477834396577793
552785443813457921
524953508978909185
529652269105815553
544268637134393344
552829046485434368
552835988540895232
544514570367168512
553204986474422273
499388398529175552
552807236339507200
553539631149756416
499377470697926656
500237448798949376
499362480179912705
553172148085620738
544374422056882176
524998460848611328
553555207410700289
499361662743220224
544292129972170752
580326871302316033
553226479904231424
544309283048144897
525005886272843776
544515546633355264
576600087066869760
553215362058440704
524949828711620608
525007169956347904
552845255796461569
498452664527511553
552814978823385088
499365436816105473
552848426812313600
500287595403022336
500280422295937024
544514127197388801
552824742097719296
552822718115373057
499700213792387073
552848620375261184
499649872534831104
544390130682068993
499368533378498560
524957517294886912
544282227035869184
499574200596983808
552821810224304128
580320945740480512
544283772569788416
498487087105314816
544353793270243328
499381917490237440
498285529704976385
553555600911925249
553488054640340992
500360308289187840
524934142958788608
544410907204259840
580326473803767808
552816497740251136
544520949748752384
500358195408551936
524990180034609152
552792913910833152
529669611030331392
544512664769396736
500329800725442562
544343367279456256
544469609433563136
524991832451981312
553544566042009600
553171989385728000
524939327399559170
552792193992519680
553133704881917952
553542282100871168
544299439087550464
552980288394231809
499363975377993729
576671947091779584
544421653128556544
544302827330224128
544514249356484608
498492636630896640
500071770192216065
524929893759737856
544289880805605376
500363141034020865
524995620088864768
544443154964152320
552817759684665345
544439380329644032
580339510883561472
553486529231089664
552810032765497345
499404849835175938
524961362448240642
544395613043818496
500265950667870209
524966770428243968
529731513613836288
529627707382853632
552805970536333314
553566877956734976
524969501704855552
524980402495430656
553557753558757376
499360784666071040
552982828963856384
553159773555023872
552800290861510656
553590072373968897
552816020403269632
529648547864399872
524955557686284288
576316647880839168
544516381031792642
544519021702311936
500183912384319489
544299916252573698
552796625467621376
544280923923959808
553215634864345088
500287224957898752
500292202845982720
580364236330762240
553461741917863936
552838341843226624
499704336935821314
544443266926931968
553180729254113280
544436172999495680
580326744357515264
524947867975561216
576504635738951680
544336572141694976
552807528070131712
499529014797557760
553153731471364096
553149163181838336
552829176018112513
576889864907427840
544506628239028224
552830433688571904
498302603034640384
553163344577064960
553177082566836225
553584292090359808
500396366829735936
553126044375732224
553540478403366912
529830606210093058
544446269968908289
553122359398260736
544274879055675392
553108242856177664
499362441697193985
525067386849091584
544400801083686912
500326873407455233
524945676443340800
553225701701066752
553591093498224640
552814974511628289
580344006682505216
500160181184249856
544268900351766528
499657337548701696
524943804051496961
525058976376193024
553184390260338688
500391462073532416
524934897367285760
553535642848989184
544384041391517697
552810855503757313
544370072018378752
544464695646617600
580342519516512256
553478677359775744
553480292498153472
544470708093747202
552984231748829184
552838074636718080
553210869010935808
524995771587108864
500292917957648384
553559793940447234
553145736045801472
544288009747566592
553199320053592067
553115236992290816
544284078330376192
552810138114195456
553212962044149761
498235547685756928
499700838127120386
581262528107384832
525007810871164929
525018717038854144
544494652418949120
500371231183745025
500359508531884033
525037540508594176
544515215576948736
498286281894682624
544515971637968898
552825303341740032
553590750701551616
553578191391301633
553145034720030720
553487579077550082
499586890837016579
552833795142209536
524954161054756864
544365130138808321
552841460681572352
552798016646942721
544302821450207233
552849865680494595
552834640692912128
500320316602974210
544352649978843136
552821475066281984
500292684192686080
524943114885427203
552837907174948864
544429467968339970
552831420197261314
499705810076053504
524942687003484161
544478625383608320
544428421745741824
544280617160949760
544389893120856064
524944006577668096
498280730070622209
544415616753745920
553137557601812480
544515850963648512
524944981753356288
553105121526427649
498483031842500608
544355924224532481
499463629251837952
499541439962185729
553200726403710976
581255457022570497
525021083892994049
524975142641086465
524924346411020288
544330861680664576
552826992509599744
544313132865159169
544515072203444224
544518335019229184
553588704913416192
552981008518500353
553135991083769856
544491151118860289
544503881527742464
544400809182523392
553474188259102720
552839975843016706
499669445548449793
580359809041604608
580351083383517185
552847427410341890
576494415851626496
580340476949086208
499699366660423680
552808487924011008
544359578612559872
544483404528775168
553139825008599041
536835327584141312
544328673097039873
524968466559033345
544467005655748608
500394061887709184
544380441210277888
552814410763603968
524937968138878976
544334554631536640
524927789892653056
552821862850637825
524931324763992064
553103134210666497
544335202923737089
544294274674593792
553485654030446592
500408829696544768
552796522904297472
553164185006534656
544353257175654400
544317139323473920
499648409767538688
544516164333080577
553530513580118016
544441034948636672
552838324977545216
553575302392455169
553535441828605953
580317556516483072
544460097146331136
525039686931075072
552817391181103104
544476492281827328
498255721260400640
544475686740967424
544277860555710464
553125384246804480
500327120770301952
576769677592039424
544327577406410752
552802714816905216
552814845016694786
524956449836130304
553149347777753088
536783143865688064
524990519777443840
544315864397258752
576238790936662017
524952808110694400
580335409202348032
524950455743291392
544422678119981056
524977651476623360
544277516773380097
544294794139533313
525047349757100034
499705269434085376
524939821815721984
525040252948189186
552816883012239360
544426421331169280
544516514519343104
553540739058376704
524951625556066304
529667041142124544
553152515701612544
544305859904286720
544512187171995649
524964630221705216
553215879979085829
544379489263042561
552801115516186625
498602798687469568
544402515085623296
576716016908136448
544298663061643264
500278858156085248
552822739388882944
544408496918499329
544285819108741120
553208762291339265
524980504324358144
580364576560177154
552827981069291520
544457877688430593
499660656769921025
529725532569886720
553174639158231041
498349598197702656
552807834434699264
544443739800731648
580330369603366913
544308156625481728
576406521833086976
524935816603107328
552983615747796994
580324933525467136
553582801833185280
553219195056693249
500283013541163008
552817146166652928
552828573896413185
500303864495882240
544430771688439808
524955243185176576
499674825753772033
552985297307598848
524959778125385728
544313592477384704
552835301547442176
552978376424964097
552812682626465792
544293069957259264
525049044201377793
524956129017995264
553181500104269824
552817205982019584
529730550169624579
544409517224898560
524933399828369409
524941132237910016
553232704708546561
524979184297590784
552791414388424704
525006356731166720
552835385043062784
544402785966772224
499691593985957888
525012912562536448
553545782050045952
544337761600557056
499375535458643968
524964564018790400
552837086425128961
580325714567806976
553173654121742336
544333236243947520
524979925343014912
552807054268956673
580882302621843456
498476761538371584
499615655906533376
544280650455728129
553590463354380288
524977812852461568
553534707108155392
544373593841623040
499702384424022016
544351969658564608
499530401136668672
500408184562257920
552802606696136705
498529979672842241
524953530193301505
580884605097664512
553506946054369280
580330302251393024
553216909022605312
553591760668991488
500382265076379649
552808138127446016
553152448077258753
524988783213547520
544432661419155456
529695367680761856
500360978387976192
498498431271190528
544376073685712896
499699006298419200
552794157484634112
553491005971132416
553102828743716864
544392353717317632
552810287695659009
499355083734519808
544388092552294400
581274406804025344
576508971923693568
580333909008871424
524980166289002496
525008613392515073
500257166478282752
524925600318754816
500280477920796672
524958173245870080
500387959468982273
544459137674125312
524945225253675008
552794286849536001
553546292748898304
576815329172590592
499381843955707904
499579905508917248
544326782334558208
524932635177795585
552829031075553281
553117778870169600
553537322218553344
499671635067437056
580325486477357056
553173501369389056
524945879455653889
544301313459101696
525024518713397249
581063730319925248
544466920880492544
529818929607475201
524949243883425793
553536887349325825
524943012602716160
525033778637721600
544483282352889857
524950404283772930
553173371043995648
544367862211952641
553147120942084096
524991119164473344
544427938372792321
580399487740297216
553563356339384322
553197181151481857
553536269972942849
553195806899970048
552826238407294977
524923676484177920
525057025785356288
544347292493705216
499427833102745600
553586860334010368
544339368823894019
544357899783655424
553551279620755458
553471193110421504
544463201875025921
499705963126202368
553587225901154304
553212338728603648
524945170777645059
544367462012432384
553188225691684864
500263680026869760
553588178687655936
500221671245377537
544448991518130176
552834558706847745
544383230091464704
499693137670205440
552791182670327808
553123078541434880
544484918567239681
553477554041257985
553214726629781505
544465890218369024
525039242771464193
544319832486064128
580327058158551041
498300256678076417
552978184413921281
580331071457333248
525069752566575104
544282877278814208
580331843616133120
553553966970044416
552845017208061953
524950679274942464
553480702067736578
552836695754678273
524995166953033729
544511915158810624
553503546382249984
553585862987235328
553125301090525185
576617856919465984
499576743967993856
544271069146656768
544365585417527296
544508411178536960
525025552634494976
544393766287970304
498280074941313024
553227258782306304
544329896529760256
553587546614427649
500286984162525184
552841650582847488
580346992074842112
553165231275663361
544440749387808768
544505447911149569
544299273664593920
544278335455776769
544292342430449664
553140194606469121
580317998147325952
553197212726218752
544409432600223744
499595283504701440
552789886202175490
524929550493712384
525029232691650561
500335761615355906
576423157587906560
553129559173115904
544341255174356992
525005134624215041
544513517706305536
544409519380758528
553145830761594880
544273256174198785
552979279039197186
553144928721973248
544266241511133186
553145690424344576
524966904885428226
553198853487611907
524952341561491459
544275138712469504
553220054184382465
525009541671702528
524947414050816000
544372701285351424
552791203432103937
524936075870228480
500242061279637504
525044725926330368
544323127522906112
552840964025626624
524930678983753728
544403913076924417
576323086888361984
580883510103281665
499703128540061699
553497730476015617
498291267756130305
553590522800275456
500363740311982081
544405871703240704
524948703850029056
544342204576038912
580330441854435328
544414634308939776
544370712639590400
553176753297162240
553203041705664513
524950264303075328
581404604677660673
552812811651272705
553545857304629248
500374427448516609
576819219876225024
544338622422335489
498255816034893824
544285712653500419
553226143307161600
500212911856295940
553157744061325312
524955062486196224
552804491821854720
553582301003931648
524939142485262337
544509140911919104
544320939245043712
552788720236376064
544367253857525761
524934004152082432
500383514567925760
553229808260632578
524945665827545089
544516240572940289
552811354323963904
498497371899449344
524968205690089472
524942149973188608
552848726197559296
544455370476109824
544343299138392065
524936966492942336
544314810884562946
524987263835721728
553591518619893760
552788945017516032
552833236389199874
499687274326786049
524957974226550784
498254340310966273
552982669840355329
498314939359301632
544436666661085184
580362323283615745
524926184069808129
524979548195024898
498486539585069056
500175929902395392
500413489882484736
498512372584415232
553126953268834304
553476880339599360
576204915694964737
553161360503500801
552838203276021760
524962142563610625
524938137320312832
544385535909715968
499658267493019651
553493707472011264
498310006169538561
498560433021026304
544333020023754752
553489393202499584
524968185016360960
544328351939186689
500280847912955904
552799606833430528
500421926079066112
544304298243653632
552844767281688577
576855819125432321
500385868041842688
580334309422161920
576475228928385024
521375609206083584
552786099899494400
552832738542514176
580332451353985025
580320267777511425
524934090542182400
500339209715335169
544519166582337536
544346359948910592
581063906682114048
553155988917075968
544428082749132800
544426163964096513
552806117328568321
524978912145985536
553572111441465344
544409532324413440
553561452318322688
544512676643500033
544519635916169218
552844436460560384
500320680810795009
524936456742379520
498473515302260736
529771847186124800
552818368487911425
552984502063337472
499581469027618816
544286537299787777
544430900235075584
552824126659104771
553469263650906112
552979466050613248
552786116404072448
552984511051751425
580329747416113152
499441454498852864
544391412075069440
498603999252467713
499536812109742080
553151700950065152
552979992603533312
553588993993232384
553229592480481281
552812140479148032
552841006799159296
524935633463037953
552978099357237248
544289311504355328
544457904422531072
499706705354448897
544346261365600257
500254607470518272
524979133366165504
500163501961142275
524982066564567040
553562832001048576
552820533507944448
576789978795155457
553127546129117184
498466570675716096
535942066694803456
499554248292458499
552838134627860480
552805169206157312
544443959662358528
553560769246539776
553149253363576832
553106714682462209
544423869981802496
552831974784905216
552851629624803328
553162815402672128
544396608704901120
529572620782825473
553478289474740224
553590881371320323
499691429359517696
553127899033640960
581280784155353088
500072455931588611
544269221564137472
552805735885991936
544288661253398528
553502311872733184
552783667052167168
524923610851729408
544494273924562944
499345384024842240
544360928603799552
552784898743099392
499424290748780546
553585596959318016
552848653132767232
498322865843109888
498292628455034882
544284823041212416
553115341338198016
581295422414680065
524976835881205760
525006853626159105
544518707825750016
544442448965947392
553099050409807872
544423787949600768
524965406377664512
552836829234614272
544510402454110208
544352874969698305
524949003834634240
580353737769820160
544302448522035202
553159810179661826
553149880693456896
544275733607366656
500302383747194880
553470492565602305
499694783691239424
553590653784195072
500301418406744064
553181386069143552
525041601890881536
553111553235361792
499590048313262080
524943615437848576
552835209285337089
544499892010635264
499704241741520897
553192373728342016
553472437644320769
552804763461775360
553470733180223489
544273885437652992
500266967102914560
552816062593761280
525025463648137216
524933657493250048
553518024272379905
581325197661376512
553488850363101184
544308793623207936
544355417900716032
553162459885096962
553184451774402560
553145137086607360
552846353416867841
544462825952133121
553200085132009475
544340091615715329
500072155166814209
553570370192949248
544391085150457856
524998110268096513
552851189675470849
524940077978640384
576481588004933632
580883727624065024
524943063937208320
524948941956448257
544503037973528577
553145859089920000
529702797349253121
576821792834232320
499698828845780993
552849968546213888
544451052679204864
544328894812549121
553479222434729984
544401367540834304
552845028130037760
553110780745629696
544402024524038144
553186670871597056
499362949166030848
544336736948473856
552845868932800512
524940452383170560
525021358879936512
544358533819420672
552830459273809920
544285296565948416
544305672372772865
524953604717686784
500176354185187328
552837655105658880
553126072905383936
524958383468978176
499655869412286464
553166152344829952
524979881525137409
552837527640363010
544508035113439232
524937330923417600
544480905532669952
544492053900836864
553496228055777280
552815575672836096
581254429996920832
524949073154301952
576847722055131136
580347290633838592
544389986809036800
553586897168392192
499698366402789376
544382249178001408
552808461940301825
524952154482946048
499696525808001024
525044004287971329
553121581187485696
525023610243928064
552816933851394048
576772770220113920
553113536625664000
544478071340806146
553538483474534400
524951893467234304
544378515378814977
552829395690201088
524976963862429697
544285194815942657
500420356621213696
552846886626164736
580329206158127104
552837012689264640
552833527444566016
500388199064420352
552834623944671232
544475905926524928
576713397196210176
524930671220105216
524982608716120065
552827349667176448
544389770009276416
553551286793416704
500326267640905728
500357314722156544
553157857215262721
524957925157384192
580332832544976896
524995375468249088
544316684736028673
553586510260629505
553525290908262400
524969137660231680
552844643097120768
553519997956669440
552842814061424640
499689438092726273
552839800433410049
552832169496694786
553586538928676864
544518445870497793
552815017402589184
553186555150749696
544429350376861696
544300945820352512
499652628825899009
529734612998955008
553525347266740226
544516427827249153
524925215235911680
552805638024077312
499387698390790144
529674135098900481
553531802347122689
553184643055644674
544287902079803392
544384662765068288
553125364520992768
498276304635322368
524976313766273025
580362104110071808
552842042242789377
524989886483673088
544293770926120960
524976980799000578
581299253743501312
553201549997277185
553535467065712640
525061787860103169
544309096351268864
553511279235964928
544356997718900736
544383649131806722
544301455952588801
525051365195014144
553137713163943936
525025806079504385
500411513727750148
544341406094213121
553175550231986177
553126517187047424
544338676835041280
498256407980826625
525023858831523841
544324741239037952
544437375003131904
524954661703680000
553517080637489154
576509905596727296
525030963781595136
544521141335764992
544369667096477696
544277728930062336
498317138554150912
544461661055098881
524965026256662528
544369574842347520
544520795511611392
544391471458451456
552825753264717824
500247666924986369
499519439206092800
552827133500719104
499598945417703424
580325799078793216
544274757689307136
524947475858472960
544470979842281472
553142344166301696
529745609969131522
580361142666563584
521358118597689344
500303431928922113
553589869810028544
553181899662049281
544452299641192448
524973920722878464
544515489016594432
552829082388660224
544369653015801856
552981296839131136
553221600955621376
553567184002502656
544511783940403201
544351967829839873
553539504146231298
544298376851111936
499701114195808257
544374395540881408
500298981558063107
524944178586091520
500358655834062848
529641857513308160
581061272856326145
500278485001457664
524943490887991296
544333172180537344
553556643456507904
521359863884967936
524948268355051520
553133340795363328
544511558173601792
552807013764575232
524942548066791424
524949443607412737
524949837729787905
544502782267752449
553501469388058626
553220172925132800
552825664307744769
544474153646956547
525021103559696384
498616975850225664
553532736187924480
553492305521672192
544350567183556608
552797170295144449
500176071476936704
524944537618485248
499584606878715905
552811772038881280
529701740925698048
529742159352975362
524959715957424128
524949526487265280
500345408150065153
552807328287064065
552846463467024384
524948520605069312
553174353735872512
553141087725170688
552834182905221121
576767713328144384
500360558806568960
552835339325558785
500294349872062464
524968337747767298
580886010575257601
544273427075710976
544354657385316352
580331677899202560
553219047048105985
544462912644214785
499488337338843137
580345253179342848
525027651908800512
553537740588220416
529757088881573889
529660746645647360
544504859290906624
553586978017775616
552837027616804864
500073002101665792
552838440103198720
553149508637708288
553214783647145984
524949884143927296
544312065637097472
544308749725626368
498584409055174656
580882341880446977
524944544681705472
544291965513134080
500271532279877632
580323815261016064
544494058287423489
553110751238701058
524960247518330881
536489596423774208
524983050187579393
529654486974099456
500284871541940225
524961408740380672
552810884029222912
499701408904798208
544296463027961856
524946808271671297
544360851646709760
500235112785924096
552817711617552385
544373839548145664
544432190281359360
552832232197746688
524935485370929152
524980483479076864
524993612279336960
524935586025861121
552980557836337152
553535829017370625
553581897792913408
553547270264979456
524987184836005889
544318880001560576
576806702454075392
525025695425380352
580330454869512192
553472557978902529
580398796124876800
544290646010261504
553581958455123968
553108804934856704
552824162969210880
552819936343883776
500351760402493440
499517463457849345
500408607561629698
499702206455488513
524952883343925249
581303832895885312
580359405620858880
553181586829484034
580326012749221890
500406581855801345
553560219981459457
524943132409212928
580333314415919104
544513072006967297
529696730607271936
553491924015783936
580350426278719488
499408988422037505
580319968484421633
499654272342953984
576427289111474177
544379787246981122
552814916567322624
500375545918803970
552784600502915072
525030696738652160
553591475830009857
498474035668586497
500180740127342592
499706065769201666
552822465047437314
544499780479893504
552822944603582464
498285782512050176
580329153553141760
553152215050125313
552981833189969921
581405344288608256
525068387899031552
552815387759616000
552792802309181440
552801829290270720
553491540535156736
524967727266398209
553531316797718528
500280838710247424
544433739539812353
552792271243210754
544511391349354496
553529334892609536
524944569528750080
553553331671408641
553226624976420864
544518803225604096
553117423906590720
553591084409184256
525020326816927744
500366171716067328
544492372088717312
553552293371871233
544321631976296449
544458458527834112
552830864187727876
553479280014151681
552835854750605313
499696733979688961
544514474963922944
529738730748534786
524954833648771072
500251535943942145
552785695845396480
552841583251701761
524951711941922818
498452658605535232
499699435551866880
553123329561743361
500298752469770240
552818922798727168
499678305134448641
524958741259886592
500402908740210688
544366824997912576
500284377490665472
553140613051215873
524928119955013632
544309275141885952
524982954880413696
552820265994829824
500186504279625728
524932056560963584
553535468290453504
580337446170320896
500391222075076610
500364921607974913
553106200242700289
577302850318938113
524997921042071553
499438052688023552
580349159569539072
544519480018489344
552790565642067968
553472488462901248
524946609453678593
552799640488517632
553529796601585664
500370960093302784
553099800951136256
552791719272775680
552801438821515264
499588291335692288
553555848794877952
580319458004193280
552828811344359425
553490238979727360
544424261163569152
553543319423553537
552808242276229120
500289307257868288
499397048878501888
521360486387175424
580328302939889664
524923480173981696
529710975730323457
552807071054184448
552791678881660928
544287209730236416
576848770136174594
524954586696933377
524970444156571648
498281812821803008
529725730603925505
553558385048944640
553479401296625664
553585530504749057
576477089043488769
524928863714168832
524984209505812480
500286460210462720
553589860880375808
500396027342376960
544312118497914880
500347484154372097
544282449388519424
552840606074953728
553512735192141826
525045145079533568
499700906384842752
552807874192482305
581063145256538112
499696948296028160
553222038379180032
552847505763737600
499412661176926209
500315237375954944
553126492579053568
544316046379716608
552847230693310466
553209983845023745
525022821534429185
524923462398513152
544391789789331456
553193210269298688
499361965035491329
544519396828672000
580364138020507649
552839385209917440
552844104418091008
500293392060780546
529679551631089664
552849194944167936
499504676250066945
553473559352606720
580357537083576321
544334477011349505
580346824269103105
498248648699150336
499700861900435456
552850079074099201
553537648938086403
524969483317026816
524959390332239872
553544078768766977
553127086706397185
499553513471741954
524987107081977856
544287203728556032
529716453792956416
524964129745174528
552805267990413312
499569344184340480
525028734991343617
552792544132997121
553184082277187585
552841049467400192
524957647653863424
524932792925569024
553540131756732416
552833148128862208
576813256905486336
577294310573502465
500335927248429056
498524570593140736
553480287045554176
553206989925658624
552787914271510529
553230614712033283
544287796719288321
552798200990806016
552785551930454016
552842755454799872
553198107278987264
552786299875520512
498477676219600896
544337689676636161
544374313848430592
552790838015979520
544319450569134081
581479017770979329
576393784835072001
576472861528961024
552842140188147712
544514538797035520
525047767325220865
529722357267857408
553214597055135744
553171841913602048
552833662593400833
524956518404198400
499542449753051136
580323060533764097
524936793633083394
580336326634962944
552817101057318913
529654186791944192
553124268196642816
544329393737170944
544321311250468865
544519284740079616
553158824979619840
529727794826457089
525049639016615937
580338165824667649
553587920398221313
524956731638841344
553563780928770048
553183420499894272
500364250461003777
544391323214573568
500295570393542657
552839167575883776
499497872564703233
553562348376850433
581546828954411008
544304742743044096
553469523945590784
525006847095615489
544511676088066048
552789443644751872
553587278564823041
544267656597995521
553587303172833280
544427255439425536
500302115458523136
500312670260957185
525026031833718785
552830599002857472
580318717860532224
524999488067633152
553212333867012096
498483279943962625
552807832257835008
525047079325155329
544297696308518912
552792988376915969
498294815579467777
553499806883381249
544284483453595648
553185854165114882
553155430055440384
553227856046596097
553165824979386368
500358526804316160
524958992330522624
524963649455407105
581307361857392642
552803792618799106
580326978546495488
580333763512705025
500396175753633792
524935791794221057
553208946350362625
498357910603575296
524946336190586880
580319184652890113
524935943925796866
552831101312303104
500331472277225472
524956294395224064
524935906596499456
544278985249550337
544495975083941889
529654388269535232
553578243173781505
499478126570004480
524958238316298240
553098799380717568
500277625773121536
580332232121933824
552817367995002880
552824769754976257
500378522788315137
544450710926934017
553148900811759617
552810166744547328
544383383095508992
544510453201006592
498281886603411456
580332296336732160
553532980871053312
529758256596787200
552996335319007233
499698964925796352
552830521340723200
544320992361721856
500361668132892673
524944881941495809
529726656941162496
544434475807936512
500224586064343040
576357849204412416
500358061698347008
500316260081889282
553503846258196480
524951279760867328
544293694166536192
524945814796644352
552802128688078848
524992063553953792
553105460887572480
524972166006464512
552985855854661633
577300802294804481
552820736490889216
499364522038394880
552783745565347840
499564237552115712
553563668169125889
553222048924049408
580333759125458944
544274585697280000
499592320900431872
500264535471980544
553148970651107329
500285938824908801
553220369721483266
500376891623079937
552838551071911936
553583108105441281
552807598966059008
524937675115999232
525036457732231169
498284302128668672
529723684454666240
524981513637888000
544427042616254465
544282127404388353
525015193425031168
544496062321664001
552805830677258240
524926472432410625
553098571323437056
553555293645590528
552981889619722241
524974566830247936
544277526248304640
553166907596365824
499394221984714752
498298040881782785
576382568586706944
544385641975676929
500336373833170945
544519486498676736
544450135988899840
524965786059026432
553178341596233728
553502446769942528
581248880098086912
525000220371734528
544294618758520832
552842761565904896
552986374765563904
524996756220956672
524967298604359684
553216451780554752
524947030616313856
544497191155290112
499705746377150464
499649813332639744
500320616428601344
499448210789007360
525001895631654912
552818799095730176
524978422188376064
552806056154644480
499650234914713600
580353540725452800
544362279006113792
552820930419109888
576321776424189954
544521166543548416
525046232209956865
553566644006817792
529679889923076096
500359356589019136
524969431534153728
553106334607228928
581247332282306561
553569333150896129
529765936199647233
544425928290750464
544350985142173697
498609222020780033
552985912901001218
544286172109758464
500328583194509315
576171827086520320
544511489869373440
524948264148160513
544352727971954690
553209843939831809
529726642902810625
544382795099799553
498401948585181184
576829262927413248
552797828977029120
500409399865651201
544306616137293824
581437061363675136
553535430788780032
524936365427806208
576687226979004416
553561170637238272
544321934410788865
553491517462315008
500393152444772352
553100922268942336
580371845997682688
525035564014526464
544359670480379905
524949897221795840
544291966536523776
576388172109750273
500263561298710528
499699779426066432
544272134764122112
576821399983026177
580319078155468800
544357563534680064
552839518974660608
529688713253494785
499610913112989696
544310691600302080
499684402616864768
544421207115051008
544307040932601857
553171056589279233
524932292406681601
499657584836874240
553532980896231424
580346858846822400
580320645906632704
552829971631472640
544436750097973250
544428261602623488
552829637215408128
580323456996282369
553552825431883776
544299029601861632
552831524002103297
553540934118694912
581273151612575746
553232531827740672
498499795192143872
552847218403581953
553222727700865025
500359983301939200
500297358908071936
544323086841954304
553181902543126529
524923678472286209
544317165965303808
525052526593601537
553530524183326720
525026592788348929
499697652385464320
581302544116379648
544435176479027200
498296205777326080
524931752725585921
524970966842376192
499439795618480128
580322653472493569
553186739326812161
524931110279852032
553164985460068352
544520273718812672
498472666802958336
524949026064850944
553190729447919616
544272537341812736
552822076676255744
524959090125320193
544331094523662337
581315281630318593
553198344034865152
544310166242734080
580347068457308160
576348679231033344
544427333969805312
553192366098898945
500280249629036544
553111157738057728
552807101442322432
581318271321931776
525071376084791297
500310127896199168
544355218251452416
553152675014246400
499649754822103040
525036393983381504
544515446100090881
580337327677026304
552804962158514176
553227238829981698
553536236493615104
500426437392732161
581377529124130816
524922507380670464
553585447235223552
500322242296041473
525026715123601408
500303238810574849
580351604831846400
544444021066563584
500283291493494784
552837190360006657
552815993165467649
500308574703452160
552840740007866368
552828280806850561
544518044643770368
553589970775343104
576192621351145472
553124985137815552
552814983797821440
552820842544246784
553221293298819074
500073277273165824
552807658869493760
553109813807575040
544495155198181376
553151670796820480
544330052796559360
544414686935285760
524944637489086464
500321184269881345
544341194822520832
499700279412281345
553473704060284928
544301925735202816
525062013551001600
524947129354420225
536825223061180416
552845267289247744
552843174218321921
544499381731622912
580318210609696769
544385829180035072
500270780832174080
552837078854410241
524949339131904000
499701423135678464
553560488056225792
524931083797004288
498311895716470784
553167814941761538
529723420993683457
500309745350508545
553545386082979841
544350565283532800
500360248767840256
576812336952000512
498304114955419648
544376469279875072
544517264725516288
498300128088694786
544419788739461121
552795050502270976
553204399439642624
544496648445890561
552851546384646145
552815712327454720
544426670095368192
552813549291315200
544341369762742272
552835288725061635
552839270395035649
553543032642220033
524938162900967424
544306402731507712
544395804190855168
524957773810135040
499698825020592129
525040097272819712
544411561205301248
524957978806743040
576853097445752832
552847370489430017
544317438079139841
500329864017498114
544282015487787008
524991470416461824
544282393801007104
500287313256402945
553492417023057920
544445607717261314
544329935943237632
553549686129561600
499698357397237762
525011747007377408
580387098039046145
552850514132873217
580371776619839488
499662307560263680
553498106588049408
500366333461422080
499699107615997952
544343410849886209
500398504075071488
499689349420568577
499695028407922689
529670383629520896
500285919539511296
552800222553079809
552800045096259584
499697848737210369
581290271997968384
544281014768795649
544363222296297473
553555389611274240
498277678706077696
544404673357021184
500286805720449025
544301624814870530
544369501857263616
529670566031421440
524949887591653376
525049481679892481
524930851747164160
524949136173694976
552803757864787968
553583847850663936
544515584931528704
524967711492014080
536831367959420929
553520399300833280
581300992194572288
500298091627823104
524960580944560128
529720273285566464
553581209193050112
552817345887207425
581286157151039488
524986210402705408
553588106587545600
524949021744713728
553568095978401793
553131554743287808
500308708988301312
500298315368390657
553477943616634880
580325235653799936
500365059390836736
525023912221212672
524967572689522688
544420375224791040
553233130275221504
581047170637381632
553188214522249217
544404937380093952
553100279089205249
500375190535421953
553470907629707266
544435685864660992
544394858405060608
553495137314435072
498272364560257025
544425457471725568
500358907383275520
544355197435142145
553476073703620609
553536532960010240
499403422278619136
553181997041217537
553473416905629696
544336432609775618
499584618165567488
552842642216988672
553558513210105856
553174789561389056
498303769915191297
544504183341064192
552978642968780800
544483951524737024
576453994484252673
544357264333615104
544377326122057728
580326222107951104
552848701312737280
552845542536261634
499683602452717569
544338731210399744
552843349246619648
544519486167330817
581257660118491136
553485452943302656
544282355989753857
552815443959091200
553544694765215745
553229948153262081
581394092648710144
498325055726559232
498301635756838912
525065123917221888
553107921081749504
524982699220803586
544410079043551232
553481963864993792
525037656820826112
525033443076628480
544306118273794048
544503217107648513
544391790615605249
552804394727927808
498275621651636224
580336782782382081
552816010752167936
544271815007145984
553211397782654976
553582206019723264
553129117215100928
552803839490150400
500307001629745152
553157600225677312
553587708367765504
552982443511144448
553205691742425088
544278202743402496
525041399344168961
544463189447294976
500361847070269441
552850599168196608
500320235841265665
581246782765719552
553555705945288704
544521948924248066
552809902956367872
529663474079920128
499620682502635520
525056576038518785
580327625626927104
553180005514366976
552790824971677696
544364000897945600
544325938826076161
553484780093050880
544296985910861824
499695918547861504
499560002341044224
499690323883589632
544388013141143552
524930400272265216
553573875528007680
553122276913471488
553560429910568960
524951439417044992
553209232712294401
524983395026497536
553223681409703937
524928960615186432
553177099843149824
544388658334146561
544380433014591488
524966565788520448
580327692765151232
553496489641902080
544411097797644288
499702462865874944
544281689233850370
552848961372176384
576639665786249216
529648452511473666
553165538499641344
552825512708808704
500287815734013952
576321889276207105
525044262648676353
524961659685588995
552811408094945280
500277382461530112
525001708318240768
576499275754041344
544511112654618624
552785391653494784
524954241547632640
544501464849059840
499690869784846336
553558108866637824
544473507594113024
544356213837017089
500246996163129344
552812020295532544
499706059691663360
499439550029381632
552836095332081664
544511736465072128
544420349052342272
544271362022338560
524923148576518144
500344846612447233
544289448150986752
525058578365698048
552845671477153793
552821437678223361
535450705134649345
500319675797209088
544317301064208384
552788396733906944
544337383215226880
544309113694740480
544449039433883650
524977830124617728
552812951208722432
580372127125131264
544494408515608576
524980775741956097
499688832300630016
553189840913989633
500279160795721728
500296158476906496
499596695705894912
500385585807499266
544519083300241408
580320825351471104
500309381930844160
500382270340214784
544301296099270656
544384255825289216
553587167394791424
553505242554175489
553145759961714688
524943226948820992
524958516822671360
552834732325879809
580322026029654018
498293668655423488
544381860214603776
552791115599192064
500249630664560640
499690351875981313
553224764924243969
552792253601947648
500296692713783298
544346361101963265
544333302178799617
544289941996326912
544271815044894720
553524086417424384
553579914717577216
553148984509100032
553531971457265664
499345010190348288
553147034707165185
553206304396038145
524973223356940288
525063740769972224
552816686752358401
553215523602046976
580333827425439745
544387669766451200
521350916872876033
552993818816299008
525040545870385153
524949069945634816
553121732387946496
580329111064686592
544342743003045888
552825083941879808
552814130827370498
553196453938855937
544512514651066368
500274132756738048
524956372199555072
552846938677059586
553511977478537216
552802654641225728
553137476135432194
553580959661309952
552826270866616320
544518337498058753
544311814649942016
498463591767756800
580325090367315968
552824462958395392
524955386697515008
544493466836017154
553508524320653312
544514569339953154
525045203648790528
553103832717094912
553558611306090496
500284699760427009
524963002768842752
524963878904823808
553589121776898048
544447054034919424
544323358327070720
580337440738713600
553146248652681217
581386094337474560
544449562552045568
544378769952505856
544333764814323713
525041091507388416
498254929942028288
552982635178635265
552984527295873024
553215383256432640
544298121379852289
552817675408523264
524956648151191553
553487625815064576
544321103875694593
580332876081811456
499622667142844416
552841157785694208
552790878805168129
524935146806738944
524981436252950528
553144448452792321
544388329094270976
552802011733716992
553145603665186816
553190655011205120
524985687704338432
553566279953842176
524991844292521984
553535829529100288
544451041396531200
552821659103940608
544458558432350208
544477097016578048
498301902048997377
544487579048222721
525070912199335937
499406086945136640
580335608477982720
498340530770939904
552830151650967552
498512590260023296
500359377585704961
552850925510225920
553529789794250753
499704780366036992
544414430025371649
544354840042680320
525040492388823041
580323992843718656
553153190859141120
499652256288235521
498267673789472768
544372177965834240
576530892119793664
544395562666037248
498430783699554305
552841287670308865
529728664137904128
576362213134454785
580343329096904704
553169622762262529
553583035820802048
544493536771854336
544301235596054528
553098796108750848
580377478184755201
524929559909916672
525060022569422849
524989654995849216
552788886355996672
500364290545958912
553591315515310081
500180625312083968
525033357722550272
524961721744900097
581063753837481984
525070933556350977
525021050627973120
500297243371798528
499385227362328576
500400102125879296
499430225043009537
553184482241814530
544512867144192000
498277231253127168
498284334806495233
553143415899451393
544296465619619840
553466230989144064
500278978557804544
524960221694005248
500396427378298880
524993166651318273
498480911243948034
553570916907511809
500255282757632000
498507730395484160
524950203476869120
553541676229472256
499411596255719424
580359480782786560
544515174376701952
544363391641341952
500369391339724802
544459333983948800
525010245811466240
500306837103968257
544521788777304064
544274797640044544
553175336926449664
525002243100401664
580347646465949696
580364934011334656
580364973664309248
544446973667860480
498544167757570049
544461947882586112
544296096244441089
500234112054341632
553581227165642752
553558982476828674
544301453717041152
580331347752914944
552810276635291649
500380708783665152
499394946416529409
544520379176599552
525029016001318913
524987851046658048
544300178443100160
553487356733313024
552815540721291265
499688532391526400
544276998017646593
544305463048015872
580365755750871041
553541834975498240
553215658784456705
544280707800264704
553144384737525762
553561169923829760
553583867664535552
552819649599897601
544519788752818176
525027958835408896
552801880812691456
552795693682032640
529739968470867968
553138330557108224
552791332935434242
544356724871036928
529712119391199232
553218279557582849
498250100079341568
553225809444749313
580352455952732160
552803413583360001
580371847335821312
544416818711252992
552833393734721537
498268463639851008
524941272549969920
544296007589433344
552834842837409793
580352792700821504
553485866346483713
552804592988479488
552851679905734657
552846287314640897
500357713260724224
544443027570556928
576833924736892928
499368931367608320
576225987119198208
553172769819852800
524925987239120897
580336348764065793
580331255570530304
553545000110538753
544512910538838016
552821573946982401
525071638464049152
552808658510561280
500320286341099523
553161401733496832
524946179390701568
544281235271745537
553590459688570880
553124985900785666
553182889379397632
552812188315172864
525026066944262144
553569379674521600
544514207933542401
499583424114728961
524948866773184512
524959027516932096
544326597055369216
544329092100005888
576709199146717185
544271284796784640
544511130249744384
553592195786506240
524949435886096385
552805450350362625
544406665223999488
544518841020473345
544357935439417345
553582049282768897
552825402872590336
553101388926840832
544307161589772290
553533193899368448
544452087468150784
553556728651210753
553177321218514944
552797058990870528
553588326578417664
553135255583219712
524938107142283264
552795773180858368
524971492820647936
553582039106990080
552829622128500736
524983581983375360
552850533523136513
552806077755326464
553131791553667072
499361679197884416
544478708741201920
544296158206894081
580369978546917376
544373515067998208
499455799723184130
544440498594017280
500278169828470784
524993009440403456
544318036715782144
544457324211879937
544280077778055168
498602787614511104
576777148217843712
553151506556653568
553586275438301184
544316384273248256
553555948883959809
500359223557890048
552811386259386370
552981531023921153
529654489356070912
499377813758443520
544293783702364162
552791196247269378
553121522769219584
498287166909579264
524974456851410944
544293021995393024
499358869492367360
544280765111218176
552839869387399168
552796863297236992
544376532161298432
498499836900278272
544467919003213824
498267196833808384
552810249263259649
544272701108797440
544329204314406912
500383956362334208
553144712920834048
544293261506928640
544512108885725184
544280929154637825
500290456845299714
500291116403789824
524948618776944640
524974900017373184
499359735947087872
500251242124173312
524977321430630400
500360632093646848
500362377062547457
580332380436709377
544279262547935232
580348081100734464
580352417541287936
525027539845410816
544280399044960256
544419162001383424
500288263320768512
553116149333114880
553589051044151296
544350087020019712
544373676842311681
529590949136326656
553161458931236864
553213361350262784
544456216907636736
553130148107943937
553493300242432000
553145755079569408
552786818853113857
524934673760530432
576387464924819456
524969415318982657
524937560276344832
553493510306152448
552805209424941058
500389488217309184
500380282097520640
552849797892542464
500273257262886912
580330986220687360
524962199543230464
524954630279925760
553539778088816641
553475269873643520
544508543152304128
544518583112314880
552846874432909312
544416309266898944
500277311652913152
552815274848964608
500377906305327104
552826150141960192
552803431702749184
524999079127162880
524942802908876801
553155289235881984
499604750888083456
552823108537954306
552984916070531072
544509652390924290
581450117972144128
553201523577331712
553587013409325058
544316576645017600
524956168754843648
553114307383541761
524947971679744000
524936881348558849
498272309535191041
580322332348190720
544435023282470912
553550448154910720
524986649315667968
544287165912735744
552837775498964992
500356642329071616
544274934835707905
544287815790755840
524985046198157313
544462918465503233
581063377226637312
499679986727411715
544372384690872321
552814137857036289
524929796862918656
552815682241691648
498262106937237504
552818870281850881
553148339160907776
544468178961592321
553548440563908611
500431179925823489
552822450824962048
500277854341697536
544442206832963584
544410900854091776
580340423044018176
524965242213007360
552836985493409792
544412083714928640
552810477940932609
499689919929798657
524959836778536961
553470140042735616
524936872666353664
524931019745812480
544280397472088064
498284429333524480
544291829290508289
500234390723915776
498286045843435521
553174338380517376
580883793709547521
499568802267672576
544399562866053120
500388477763325952
544374511194632192
553493785523400704
580323498905702400
552815122897727488
544520990538358784
552814460193476609
553137946740932608
524937635698327553
544476533302505472
499410901033054208
544462438310375425
499602989133594624
552819208212717568
544490976253726720
524958128392376320
500239577387659265
576344611519614976
544497137221136384
500280658665537537
580319116302647297
553554351633858560
553592023392202752
500270284117925888
544510784366080000
553160652567498752
500287538578587648
544307776135364608
544291853227786240
544515517546254338
500279189405433858
500366207552196608
524938009834450945
553536603998945280
552821030117711872
525013278343581696
552851838928953344
499402444267212800
498251940997136384
544444189078208512
498276354434277376
576319105965359105
524934381828603904
524951314556796929
552837147305455616
500282606316158976
524980219749597185
552844100224172034
580331121180844032
524954105471840256
544316904861478912
553131797379551232
544305540286148609
552848704819183616
524976857822011394
553561762466115584
553591526937600001
499703794805276672
500298847550472194
499706350759206912
499383640267423744
553213326277500929
553106869615472640
553573432554979328
544315472075042818
500332042648055808
499669671034257408
553159290987364352
498271954185379840
553486439129038848
544300674448887809
544517624114081793
553129811850559488
499567797064957952
524929769469538305
552828308744699904
553538939076624384
500277808883830784
553176976698376192
524929497205055488
580699430690656256
553159409476837376
500296988077076480
552829734502297600
553546551709409280
500403838877462528
524975031059632128
544424775939293184
553481076916883456
499507509171060736
552802099331735552
524950117192044544
580333904126742528
580335398683058176
499437429690888192
553195827397926912
580339825649291264
581256046448111616
500355828227252225
500162426998755330
499696550541795328
552980299769200640
552791578893619200
553514329166061568
553586305272389632
552795585095671808
553210080829906945
553200552142983168
553194632520421376
524953077456318464
544377870554898432
544303499756855297
544300256981430272
553118212813246464
553496697918468096
553545906155712512
524949028728221698
544286688436969472
576516069516525568
544469768745398272
500332097064550400
544458083129229312
499484255869612034
580332990867349504
500359117132017665
524956007324082177
544298959993200640
499696744155062272
552843285468020736
525057374965739520
500359312447787009
544462330105712640
499589336816308227
544305673287524353
552816590463315968
552837644959621120
500362679039840257
580330104846475264
544361266718846977
500427786159681536
553234578086055937
553517380995792896
553119235904643072
553531695480463360
552851847581413377
553135802495270913
544317494379294721
544377463581581314
576526802056814593
553194557316542465
500402449501286400
553592081483321346
553552493561798656
529627936622931968
552826581916594178
552828400843620353
499369948943495168
525028171549523971
544336408144781313
553474514496278528
544271743331078144
500426667446513666
553468593141469184
580319999887347712
552836167029514240
524955304199352320
529446466541326336
544301149348982784
553528740618436610
553157600704204800
499612545909415938
544422134127525888
552829904396775425
552834961762709505
552818988468944897
499406854615597056
553571541578174465
524935731148775424
524986820850106370
500339512082698240
552836444835037184
552812775907422209
553129378969047043
553508098825261056
544286833362747392
544516739178827776
580882417117958144
524954313337364480
552796619104866304
525016983646244865
499700579527299073
500386978467414016
544308888628387840
529689763230797824
580333946271113216
544279950929321984
500378874656854016
544286686142685184
544390903839088640
544288856263360512
544350712365207552
500231335668383744
544407157077467136
544420432099545089
544516142983684097
552850282410176512
552812040926941185
553209912550240256
498500813845966848
553174713061892097
544419416578850818
580365368805486592
552978385572732928
580337826279124992
544482559900393472
544375969687953410
500308546815131648
544437117963616256
524940803601227777
544290967369428992
529695075560071168
552846811359350788
552832019940376576
552817965813739520
544295871592951808
581249720376553472
529637014527029248
500328049058279424
580334563932549120
553484530804613120
580350698774241280
544482745637158912
525005137405018112
544287991959539713
553533859032477696
553198972287082497
580349424058175489
553591980748734464
552831881847533568
552833658017824768
525069189447704576
529645026452979712
544451181754744832
544410576894427136
525030331775463424
552842983247466497
500325220193153024
553174536028303360
524970097711267841
553483707122995201
552842762505428992
553174607604482048
552802531672588288
525003253185277952
524942946765131776
524936008870400000
544390017930383360
524958498770395137
498294367405477888
524955317201666048
544309060883845120
552806624046641153
580328848774045696
524926698165633024
553131557892804609
544366036498542592
529590474005544960
552831230735962113
498507434693246977
525012689568161792
580342670511472640
553180503969644544
553534768537939968
553099479381848064
553544336475168769
499446112147628032
498585089828478977
552788555584765952
552813420136128513
544346107900207105
544506347438735361
552805175874686977
524934507892580352
552840067199533057
552809042687819776
553573166116012032
544278913883447298
524931913426157568
544517440332627968
553192641328734208
524927288077746176
553214358948683776
552838479844216833
580341214098137089
552813988644659200
524947744809418752
553570681619640320
576857359533789184
553141935482093568
552806757672964097
553551934251343872
544472595140063232
524959809402331137
553528788383191040
553555979238129664
544357487911395329
553490241445965824
544298507868200961
544389911630340096
553224215676354560
544293716140126208
576349360767807488
552834229722038273
524951948337098752
499525020708634625
580332532694122497
544403564077260800
500240534481666049
552836975741632514
499440386767859712
529540733020405760
552801724898226176
553189526177579008
529649368656134144
500359125310922753
553101858013581313
553519375521951744
500317687239966722
553580499395174400
552798654495354880
529722176380076032
576796432730071040
553108153915944961
544353918315397121
552827553493565441
553136565296582657
544514988078280704
552832784046108672
544380980677857280
581064144394285056
553229956830875650
525031823504850944
552978586559188992
552839028350136320
524973444946202624
499590929611640832
544324444773433348
553231667523883009
580321156508577792
553588012752568321
552837561119686656
544304200423723008
529733015862513664
580320684305416192
553468492700454912
552827966950866945
580330591826128896
580319206400475136
544308031446872065
500399181627162624
553139203320860672
553541601482784768
552840037642297345
553551225560764416
544462911729455104
553544039241224194
553535971959275520
500301870145880064
581062604988162048
529695483661664257
499411840733282304
529653029747064832
544513035118075904
580320856561209344
498480344992350209
544362543997665280
552824163841638400
544518647881170945
499703127193305088
524950321064607744
500347948635791360
553590427216248832
552843136238899200
553543467427577858
524927356830760961
553562569169199104
552851772658561028
544272155144646656
552787361437057024
544489340584222720
525025279803424768
553590880352088064
525069912679923712
544504889746149377
500315984910372864
576409244968361985
544427543336464384
553474965278691330
544329251487756288
552814317096407040
500343812863311872
499701669437784064
544336537870434304
544406288231174144
544506443626741762
580327960638521344
552832817089236992
552845191003250688
553543395017510912
500278944881725440
544309177859203073
580325043705667586
552837035732381696
552805050620604418
553147368913506304
552847488571678720
552839416620658688
552982813671043072
553207267685060608
552819983915700224
544409869990633473
552804175310901248
552793679082311680
552978519328686080
499514668814467072
524927695633666049
500427783848615936
524970488590651395
500358258654470146
552833197084778496
580319651399385088
544374563539140608
499386181310619649
499386726414954496
580326807704088576
580336554406711297
544358564484378624
552829571750715392
552833941930274816
544477048048082945
580336341080260608
552812572731527168
552798640679702528
524962748237889536
553185825065009153
524944146025312256
576821651490340864
544283374911627264
498278882244853760
553537551114706945
552809418417790976
552986187364065281
552799669521481728
544317474498703360
499647397278937088
529722264615673856
580699825030754304
544437156505067520
553589914684895232
552811254667288576
544269997745242112
499405013261635584
499602333404504064
553191800408911872
500277563072475136
525063393309630464
544417680284192768
544449632131375104
500293511632388097
576565012086579200
553574522972958721
553480876315901953
580370309884182529
553581668142153729
544288681021145090
499662393627410432
544397240601563137
525028955049320448
524944610985263104
529734565599121410
544389639046721537
553127274829328385
544300361360498688
544288302254137345
553554032745525249
576655512462344192
552820156980670464
524983236712476672
524957752138149888
525066628359127041
525018799347875841
524970731202166784
553540381187780609
544427133398175744
499397804620386304
552815332931665921
498530904139378688
553473629854646272
499366666300846081
580332485030125568
580327197921120256
544517500118249472
524950584349454337
498530293116968960
552845711289909248
544399649025433601
529679905483915264
580356429615337472
581247335998431232
553574345235103746
553141732452626432
500315536937324544
544492614838673408
553168646051475456
529778109290012673
552979571021447168
553117623568068608
544284599996526592
544301609472122881
500430445830365184
552820384039706624
499695682476060673
524942851944493056
525046462460477440
553531130163773440
552840905213083648
524935085863481344
576513463738109954
553151980928262144
552808701065953280
500359323588239360
553591736598269952
553205115830951936
499649230181388289
524941529928839168
544436279442546688
576885758537109505
553157114156560385
552795566242279424
552807027781947393
580338189904285697
553534838880608256
529746982106324992
498292200955195392
524983403775799297
544373694068686848
500278365031370752
552846625467817984
544408293192368128
499575076468305923
553529196216344576
544350803125735424
553483415954411520
580884417343815680
499621957747224576
498283038338711552
500308705083400193
500336040440516608
529735608676413441
524995942995746819
524955159840182272
524957429889777665
500369693203378176
553203538579701760
500231484725161984
498277674692149248
553164303650799616
581287795991302144
552814382338826240
576833011955679232
544384349395628033
544516478821613569
529728722963034113
524987432656453632
498590686065606657
544292146342531072
524926643325132800
524922078638903296
553195138156343296
552784526955806720
580322102307373056
524987990524047361
524951419175309312
552982613288157184
552798832359374849
544374569016885248
529773194027073537
552844167681159169
580363156721131521
498486826269548545
553559095798931456
544411992279093248
524995776578330624
525019992337551360
580351367719591936
552795953301045248
544511693204647936
524935345998422016
553532452472238080
525046443103354880
553587352086384640
544519577733173248
580321327845765120
552822330141851649
529727601280307201
552980261512949760
544334612718055424
544381485591982083
544396816083468290
552834481183539201
576775762461745152
553493222052605952
553467311261503488
500299227969646592
553563889104093184
524940623594287104
553224082213601280
544390550497947649
544343625069379584
553152400832606208
552811128326475776
553518472798683136
544509086998749186
544511151900753921
552817918220984320
500281037486698498
552790695036321793
499620598994444288
580321169271877632
544517264054423552
580337418550775808
552983300730404864
524965047647617024
524947071770435585
524941720249978880
544325779199258626
544434192478519297
544388259359387648
544510219401703425
536824260615237632
553221281181859841
553117500410716160
499362269269336064
524961513006964736
553139285717950465
553225359928213505
553521697350234112
544308188909027328
498293625420148736
524935769614331904
499585144416514048
552811606640721921
524964278030172160
544401374675341312
544327278469988352
544395106426425345
524966582544781313
552796091255894016
544301012492632064
529689679411810304
500402804910206976
552817061203050496
524934648473079808
544298346345947136
544291619084959744
524950887119482882
544313370892324864
529723420268068865
499432557906104320
552799100715167744
552793552376569857
552826724774592512
499705599454883840
524959332656349187
552828658747187201
580321372703985664
553533499643547648
499642374428307457
500313811195158528
500366417674268673
524983599851130880
524960245509287936
544306719686656000
553574650450825216
580330660537192448
524982907052765184
500277526590423041
553537235463979008
500277472068263937
529746217098825728
499691702660374528
499362348940144640
553196263064498176
500370188970524672
580360165540642816
580388756043083777
544273459199893505
553223992300285952
552849248182865920
544520615441756162
544334431830286336
553570914143854592
580330078682353665
553584782987497474
553572914923323392
524947196131966976
500369097360953345
500266427840864256
524922729485848576
553188382403477505
500197999205965824
553103772852191233
552835221859483649
529646030472904704
552834033600966657
544518088117329920
553156988356820992
524950899899113473
553128548526227456
553476471470432256
552817783910961152
544459886365376515
544402012570284032
552804301316579330
544294692456628224
524967510563889152
525060425184858112
552796895513681920
576814014438703104
553541776854634496
544383022876065792
553193866057506817
524949439367380993
552842837516386304
553521417598550016
552838287929663489
544317609718865920
553477692591726592
576319832800555008
544494312206000128
500322285916401664
553591548613386241
499409692834021376
580364656608428032
552823029680852992
552810359409897472
544496602262806528
580351390570135552
544497307933474816
580329219646988289
521361857810939905
553186515359379457
553582057537146880
580326073776357376
552831978522021890
553590721207615488
500324234821124096
499435341259223040
553478142791548928
552837484221300736
544450580367024128
552838203078873089
553497508970631168
544466903364673536
576694748095782912
544282714237448192
553470382129565696
524924954287296512
552824885484224513
552812984343330816
552807536894947329
552818868604129280
524982531075371008
500306548841660416
500294693356175360
524930575472136192
580320856905269248
521346721226711040
552813223360352256
500312651797233665
544444148234076160
499407248427188224
524924034124107776
552821282447040513
524925124303396864
524949306101743616
529726566646177794
552830684021424128
581386155083620352
544272561266503681
525031558949134336
544408991649251329
576231309254721536
499584511710351361
500430673099104256
553135886859534336
529763844176896000
544279103864860674
553185404657352704
552814767417876480
499655249398075392
552848590373392384
500379259698176000
553527807771308034
552979275776032768
581460720900050945
499653470417199105
500296090671796224
580370249712697344
498575704582148096
544340578528272385
544368246271406080
553115168084074497
553163210715844608
553170912129056770
553472225798795264
499527157023277056
581473088249958400
552822873773993984
499700209484828672
544280391226761218
553590961486696448
499681614549377024
544516079129993216
553546029212389376
544286724831318017
544401106617786370
552820575752974336
544366894107480064
544351885298130945
553124563266306048
524932558275235840
552818821460148226
500260514807947264
500354853680340993
524945585539776512
552830850279424001
553566829273423872
544372257674788864
544377046030635008
553234456522522624
580335578069209091
524965775036387329
500165620835840000
553105208008773632
553463773844238337
553478014785187840
529762820108607489
499698311306043392
553547637832843264
544353502689251329
553588080964558849
529671638539698178
525029433632366592
544284455909998592
500277940253634561
581264214809022464
553547836517007360
552818685526933505
525027116287811584
553462249562832897
524955620538343426
525002842021445632
529674474019651584
553540824768991233
544363471660277760
544337283801829376
529637341645008896
553505371290357761
544443377643954176
544393504768925697
524964279456653312
544301961638457344
552978030935941120
552981694979248128
544314301067304960
500287479015292928
544450560460480512
553588889084891136
552830674357334016
552840805678084096
499705042178691072
499347831954870274
553184958958022657
544416939867529216
544277852968210432
553528503573184514
553136604882014208
552818334643658752
500316005089181697
544305018439204864
525032872647065600
552790598823186432
553120849231089664
524935216134369281
499526002469797888
552847548776742914
544332613532811264
552808620187217920
553538939454509056
500290867681587200
500413818368184321
552807783385800705
544310222547087361
553591411602640896
529725387400835072
553143179038715904
553537280343031808
525065430713790465
544459726948286464
553535227214438400
544334939374641152
553553173743677440
524971258996588544
581061237783556096
524947604690702336
500305514447003649
524935246647926784
524926235030589440
552824456557887488
499691501136650240
544355845489065984
524955871689052160
580348878370828288
499607500187250689
553503909692841984
529724985775235072
552834445301256192
553208300607922177
498497395198799872
525003468659228672
525022663102963712
553543369604210689
524981689781870593
544515781367582720
529828486975066112
553535765997969408
500289088285863936
552834501383290880
498280126254428160
552831515940634624
581550667753504768
499357289363431425
552825257707335680
544444661859749890
544297247567917056
553530558614351873
580883864521818112
580335545265627136
576326555246415872
553527964856352769
524944399890124801
580351149619953664
498281104865259521
544410895602839552
544465934149513216
553137849663361024
525044678765187072
552839972911611904
552819155859431424
553143987377561600
552850611524599808
498285405142540289
552827825603219456
580320612155060224
524977992683237376
500382073593405442
553196953480495105
544510827433558016
544514564407427072
524988555178045440
552807582113730560
553116915325870083
544459882075017216
544348392944463872
552978972963643392
524967631171117056
544285213891629056
525030117014507523
553228535511650305
524994218964815873
544309893969092608
525059348574130176
500213598149672960
544281012708970497
552979420227842048
544488899100147713
524950507023245313
553558824720666628
544427753785659393
499638207987089408
552839103214288896
498276771226451968
544271185903484929
552786361758265344
552827819521085441
544283387087691776
552830966411321344
498285556502372352
544302938374426624
544351133120987136
500332933098385408
524958409381384192
524944571256434688
544381144620216320
553534934447824896
544455530756841474
553582812964876288
552812847651377153
553118438332571648
581153923987206146
544508666724876288
524969679790817280
553503184174710784
500382437655207936
552788947219533824
498302874531553280
552831761957523456
498489114384420865
544316500002484226
544268732046913536
499345023721537536
500405384503238656
553582465734832128
544518415952539649
580328029852856320
498486850521423872
553587735613952001
576509083152457728
544297950134816768
529728291545284608
500368901365317633
580377378226049024
552821069036670976
552985339011153920
524961016904294400
500176026882678784
552791065645027328
553549680538578944
552807904597008385
552828872379875328
553188115033387008
499660771857809409
500311883669585920
524932327907270656
544307589245587457
553099685888790528
552804769241526272
553548487225532416
553542565593878528
553096978788515840
499532858399412224
544376300417585152
553199664720543744
552816561514635264
580323165068509184
581296960830881792
499432169836531712
524943504192311296
524962072262881280
553585838056280064
499364002318020608
500354773133299713
553590891852886019
544319395619958784
552789583260577792
552812098057936896
498287947301814274
552794995942772736
553225402282692608
544508479675711489
552816302780579840
525040767317082113
580366761398239232
553144964168036352
544452969702236161
499705915227271168
580365806720122880
500360095738626049
576815154735775744
552822887988883457
552837499937378305
581258486861983745
500364003734867970
524940940721418240
524938857180303360
553502180666531840
580331561398108160
544317709396496384
544378232624410624
553227906449960961
525032520124207104
553168792017457154
553586393189212161
524990163446140928
524967620588896256
544435030127161344
544505129810944001
553117857609809920
553575232867672064
544434195469045761
544520932405284864
552837132491186179
500284494201757696
580330560331091968
552837310707171328
498283233982025728
553582011324329984
552848653980033025
535434467696189440
580325243631321088
524936137589411840
552827008800280576
552828504060874752
552822783311630336
580355192908095488
500290464621559808
498313143530303488
553517053110657024
552982816045408256
552831705351225344
552816288612225024
553163190138580992
499668221767999488
524954262657581057
552801667855695873
500359075045990401
553553112456499200
553139573019406336
544500288183607296
552828474814398464
544372465078505472
500287491182579712
544428943080951808
544464812621578243
499697887434248192
544515097625108480
529627706057834496
553567076728963073
544377502563459072
524945095322513408
524969878823137280
544469470568148992
544483913830531073
580318938996740096
553542516772175873
544287332061298688
552798310889566209
553576648973377537
552818300041052160
553551435762503681
525070461936222208
544409400941625344
552815712432316417
499571347375136768
498483784296448000
544337816298070017
553589055116836864
553108170726719488
553229177055219713
544345939054710785
544366723067957249
524932935137628160
552813590919778304
529660296080916480
500397785246466048
553207216774590464
553590273952215040
544519849507307520
544360342995099648
524950395110842369
552802117908697088
552836854085459968
553591303582523392
525035552643751936
544511300630753280
581302297579425793
553153740925304832
524981463033581568
499647059688173569
524930538009006081
552841477819473920
529726966178787328
525018288330272768
544443259804598272
498504673339666432
544307028815253504
552808776492130304
524974318087061504
553169307824177152
524967811081195520
529702439164067840
544386515171020801
498274934553317376
552837268160135169
524951696376487936
500361302238564352
552845250268766209
544288968624578560
553151804046082048
576755174531862529
544492465185898496
553518053838061568
525000349648949250
544411313779126272
552845840247971842
544301589931241472
524945101542678529
525056022046851074
524960814944747520
553581669710831617
552825236715208707
544296772592336896
544297331906973696
524970851675176960
499698817567293440
544500527720325120
498294248488574976
552789521646247936
581287562947395584
553556844665659392
544319274072817664
498487611963744256
552789196906459136
524930594950479873
544499449645768706
553209917944131585
524925050739490816
529763954231607297
498274948772024321
580337320508919808
500284699546517505
524937421180653568
553132819237462016
553100203239428097
544316814856306688
544419497667751937
580368417556992000
552792131447037952
553587542067773440
553575984054951936
580320242020290560
536848241556721665
580334678340558849
552823198484819969
553486796534054912
553542235661553665
553480900869361664
580351758213447680
552806890498191361
553144889811402752
553134790925619201
580322453928431617
499674159916789760
500365170796158976
553196930768330753
552794514424102913
553186457121472512
544508725420380160
553144428584398850
544389493273276416
524975705206304769
524946461621235712
553558131369062400
552834996265054208
553538559609942017
500377192841609217
524952995034042368
499345604297121792
524953110285152256
553096943455727617
525022700923019264
500276114011742208
552808071387701248
524979946218061824
552810804186460161
553185370108878849
552838559393013760
498527404386578432
500281131057811456
544313008642461697
524947964620701696
552823933381394432
500318336719134720
553102562665050112
525068915068923904
499439571520991232
580320745974288384
552840155728736256
553172543470043136
499667482354143232
544439521236893696
553592108699758592
544516101556961280
552845654637436928
552804454773567488
500380881563811840
553538058440941568
544268186292867072
524979756371288064
544510450101415936
544490782183657474
500314545345552384
524955850591334403
500272399867068416
552787878351474688
553195852643442688
552844311096983552
553111820786204672
498515980205948928
544284859628523521
524979089787330560
544296671950020609
544273220128739329
553107688591089664
552802515969138688
553160244847984640
552823829333291010
552807210041212928
553586421626568704
524934300459077632
544512465099587584
552834411553886209
553132534771744768
553104503520890880
552796506642591744
544496262629036032
529657139959451648
553195808930410496
580323877429112832
524957105296404480
580339310299340800
544515671347200001
552820735513612288
544415425140776961
499643185581142016
524978999534317568
553214219899117568
553540580912156672
552842580929826816
576443643680178176
500286865963245568
544387967037763584
577269846259433472
525026973459165184
544334623023452160
580353697865187328
544396078125039617
553487971497041920
553576010898497536
524981427260366848
552837599304622080
553579715014172673
529729262593773568
500288581081260032
552833432540430337
553553724548059137
553476490315431937
544296373466562560
553170984824733698
552799591255384065
529723807591038977
544429514525507585
500365332351971328
499361506132508673
553570818031374336
553164381673259008
552806610490646528
525038096086499328
544518696463765505
544519594438696961
500358977046474754
553127508150071297
553589880245481472
525045709402148864
552831197420994560
499678822598340608
544392801836728321
580357920984051712
544290258951892992
529687410611728384
553523303453696001
553537870431268864
553556984273072128
521310417696858112
552801028262096896
499481575059619840
552829386773516290
500393530960121857
524961070465945600
525031610136014848
580324338865430528
500298588992593920
544406832073416704
544294639805923328
553162589744926720
553584683892871168
553562446456422402
544432946841538560
580347961256837120
529708410464636929
498531639472189441
552819986834923520
499446567229603841
553480082996879360
524948264886759424
580380219921580032
553571432475951105
499438977774931968
524953767402553345
553542628097019904
524975847846203393
553145422097969152
553547659404148736
553147341470203906
525024066152169473
499426471300329472
581261457725210624
580364493928181760
524923341359300608
552983966932688897
499501246907432960
553566870750908418
552822043490938881
529729927835557888
525027873867198465
498292732159619072
544373513407062016
544366934154678272
553490160344502273
552807191775043585
525052332116312064
499494187969298432
500301519854379008
580333906597167104
553218083410952192
544442068639416320
553567732126736385
525050632211021825
498294775649665024
524940716733370374
553172900270727169
525020733622464512
553487544508493825
500261600579043328
580336849534648320
536837309078200320
499601812005998592
553587672137334785
577287149516541952
576181101577703424
524966572277129216
500368724579192832
553550301886955520
524948710812581888
499389815268573187
524994965366382593
552819350504493057
499699052389208065
552827606715076608
552846893588709376
553225828625297408
552829396265230336
552825783337897984
552833028201144320
544381029537312769
553554835203956736
580324804403818496
498535462349582337
580883100533690368
544421245698056194
553512076304728064
552978225010184193
544514645571420160
524941504796962816
544474960602083328
544287425380360193
544518036255150080
580339547269144576
499702134279913472
544439832466817024
525033625788907520
544487291465392128
553588053348843520
552829217134505985
553214700155330560
544400853298184194
580337178506584064
544315187608973312
552980862774808577
544328324601114625
580347360959717376
500275854434639872
553502749498036224
499648712596271107
553556060569862145
580328000400564225
552832142397296641
524965701535412224
524938282732642305
500277301607542785
553524183594844160
499705041238765568
524961908903149568
500186818374270976
553110339236409346
581258923065389056
