580330986220687360
544387390752567297
552850603714826241
553186577850335232
499657584836874240
498512372584415232
500314823117115393
500405877460193280
544403913076924417
544380742076088320
553589606307090432
580362104110071808
553588993993232384
500289088285863936
552838074636718080
524945170777645059
544317139323473920
524983581983375360
552800045096259584
553131763468603392
544464731449196544
553165538499641344
553490241445965824
552820384039706624
544285819108741120
552978225094078464
553234456522522624
553589295525941248
552982908865368064
552822434639126528
498251940997136384
498487611963744256
500283314230419456
524996383120818176
524945676443340800
544450135988899840
553555948883959809
524944146025312256
544296463027961856
498302874531553280
553546679161745408
580349159569539072
544350567183556608
552831107985858560
552811606640721921
529723807591038977
553188382403477505
552846544320618496
552818685526933505
524923341359300608
553479401296625664
580330362070540288
500322285916401664
529733930199814144
553525290908262400
525052526593601537
553143987377561600
499697848737210369
498494758814109696
553219651594125312
500288349924782080
524935758143324160
544515781367582720
576481588004933632
552829096816693248
553488850363101184
544316814856306688
544519284740079616
500322242296041473
524935731148775424
498586725502173184
552834808121163776
529689763230797824
544281689233850370
553107688591089664
524957974226550784
544274879055675392
544409519380758528
553530667821457408
553198344034865152
553223681409703937
524967298604359684
544357487911395329
580325043705667586
500275854434639872
525030165190303744
544446269968908289
500288581081260032
500354773133299713
500247508195749888
500360244187635712
544391085150457856
521346721226711040
525028522361114625
524943658748219392
544518088117329920
544406931897479168
524936881348558849
500347484154372097
544510827433558016
500296988077076480
553152395371630592
553113395487330304
524947744809418752
498530946338258944
552837027616804864
500380881563811840
500366417674268673
524934142958788608
580325714567806976
500176071476936704
552806610490646528
498323364197699584
552837644959621120
498486850521423872
553174338380517376
524961362448240642
580377478184755201
553193210269298688
553555207410700289
544376469279875072
500430673099104256
553586940856242178
500341884678836224
536831367959420929
553153073481535489
524931110279852032
499621957747224576
544277650714677249
500281131057811456
544296465619619840
500357314722156544
524930851747164160
524933657493250048
524941727753568257
544410576894427136
553135802495270913
552825459546030080
499684402616864768
499692099005325312
499690351875981313
552843174218321921
524949733983657984
552813011803836416
552814130827370498
553512076304728064
524956383318650880
580319458004193280
524978912145985536
525005134624215041
500176354185187328
581063816882065408
553153740925304832
553148339160907776
552832738542514176
544351133120987136
521359454672269313
544288135564107776
553153190859141120
544403112656527360
552791203432103937
525021132022628353
544483003758419969
500420906670256128
580344006682505216
580882674413375488
524935906596499456
544305672372772865
499699479688544257
553145422097969152
553208762291339265
500321184269881345
552814916567322624
498259432237969408
498284429333524480
553476073703620609
552789550238801920
552827848734830592
524960277348233216
553139573019406336
552826443965927425
544384394337611776
529638205013123073
499638207987089408
552823198484819969
544282127404388353
552825303341740032
498486539585069056
580329096024047616
544504889746149377
499361662743220224
553156573607251968
552980288394231809
553582251616010240
553576849943826432
544309893969092608
500317579060449280
553171841913602048
552836975741632514
500273257262886912
499488337338843137
544467299218886656
544269221564137472
544268732046913536
544495066258362368
553218281705066496
544494787168972800
524958128392376320
552789127792717826
552822043490938881
552820842544246784
544359422726664192
552831420197261314
499607500187250689
552836167029514240
499663992697417728
552791159232540673
524933600433938432
500382073593405442
499387993879511041
500364921607974913
524949021744713728
524949439367380993
552837655105658880
525001895631654912
544328324601114625
552814213081866240
544356724871036928
544366036498542592
552979571021447168
580328297462140928
553591526937600001
544365130138808321
544520379176599552
524995771587108864
553215383256432640
498286281894682624
544511773223968768
544376073685712896
552816590463315968
544407300329709568
500382437655207936
553196953480495105
544338622422335489
553590891852886019
552805050620604418
544305018439204864
500311883669585920
553194417239363584
524954241547632640
499360134779637761
580343473607438336
553205492458475520
553145859089920000
552830674357334016
499362348940144640
553578191391301633
580369978546917376
524975642379816960
544476533302505472
576326555246415872
544306732475105283
544437117963616256
552822841541144577
499695460358311936
553128325217275905
524962450786226176
500369479482630145
544313592477384704
544431559320014848
552978435090681856
552821810224304128
524942353355005952
544389911630340096
552819983915700224
553194557316542465
544426670095368192
544443377643954176
524983146266505216
553589051044151296
580352455952732160
544307589245587457
553189490521812992
524991832451981312
552811254667288576
552821437678223361
499361965035491329
499696550541795328
499432169836531712
553529941938425857
553098571323437056
524978999534317568
544331094523662337
500312651797233665
544388259359387648
552839385209917440
544516940367413248
552817769604198400
544446282559799296
499699107615997952
553131557892804609
553574345235103746
544369574842347520
553490358748061696
524970444156571648
553205372719472640
524966582544781313
552828811344359425
580336849534648320
544350985142173697
552845393541988352
544406665223999488
500318966422589440
553555156391186432
552814767417876480
553536887349325825
552796506642591744
581256908251758592
529731513613836288
544438499642847232
553588889084891136
498279420885360641
553589285342175232
498274692873351170
580321327845765120
499674991294951424
553587167394791424
544510345289924608
544356579098001408
499507509171060736
553214597055135744
552811438994378754
553165824979386368
553463773844238337
499678822598340608
525022663102963712
524928119955013632
553105121526427649
499598154581303296
552827966950866945
552826060455550976
552829481962835969
544419029905985536
544373839548145664
544355845489065984
553540381187780609
544423869981802496
553508098825261056
552802531672588288
552984347754897409
544281014768795649
499388619425980416
500231484725161984
581247335998431232
552793539856588801
529653029747064832
525070461936222208
553586421626568704
552804454773567488
500335761615355906
524991067675189250
581280784155353088
544477097016578048
553135106609922049
524967376719466496
544516739178827776
499574200596983808
524954833648771072
553131566172737536
498506343368519680
524968205690089472
525047104239333377
553570370192949248
552791578893619200
544520795511611392
552838203078873089
544427753785659393
524951625556066304
525027873867198465
544518128798294016
499536812109742080
524948618776944640
529726244834017280
553218599390040065
544494058287423489
544301453717041152
524930538009006081
544374395540881408
581287562947395584
552848961372176384
544336432609775618
525038296921960449
544511783940403201
544275733607366656
553476880339599360
524978855531253760
525067500447612929
499701114195808257
553566877956734976
500365059390836736
544282714237448192
499692788993511424
552823186966855680
553535227214438400
544296373466562560
544378232624410624
524969501704855552
544520932405284864
552788720236376064
553161912968417280
552818368487911425
553499806883381249
544489340584222720
498269697453084672
524934004152082432
499662307560263680
525009541671702528
544330861680664576
544435863946416129
529637341645008896
500391462073532416
553110609513177088
500419556629041152
553537648938086403
552805209424941058
552833028201144320
544446828654366720
553560480586166272
544274364288364544
525033697045925888
553517380995792896
544515538383564801
544333236243947520
500404132394459136
552805619301097472
552824320389435392
544301589931241472
553475269873643520
553553813542797312
499525020708634625
581295422414680065
544421207115051008
553524086417424384
552837310707171328
544323450270392322
500411513727750148
576890261382520832
553528740618436610
576546827643703296
552801028262096896
553581227165642752
553112060788473856
552805069956329472
552830599002857472
553481335948709888
544465934149513216
552807582113730560
553588326578417664
500417151346696192
524930499790131200
544518033902149632
580322102307373056
553100203239428097
552828504060874752
552838440103198720
524974885362479104
553544252563935234
544326782334558208
553551435762503681
552826270866616320
524924034124107776
552829176018112513
544292910578278400
544389493273276416
580365368805486592
524947414050816000
544293021995393024
576855819125432321
553584292090359808
553113509152952321
524949884143927296
544300256981430272
553207514222063618
553214700155330560
500281037486698498
544443154964152320
580330591826128896
525032872647065600
552846874432909312
524953569762766848
553189024941481985
544306616137293824
552801829290270720
553580499395174400
553558131369062400
544294692456628224
544272134764122112
524932056560963584
553587672137334785
524941119403335681
544366894107480064
500355828227252225
524997921042071553
552822739388882944
529734612998955008
525036393983381504
552807598966059008
553138598980370433
581299253743501312
552817345887207425
500224586064343040
552814076167213056
553189165509394432
553492305521672192
581260171688718336
544350087020019712
552800290861510656
524959027516932096
544308888628387840
553149880693456896
552984916070531072
553566026030272512
524928878075457536
553569512269021184
525023057526947840
553187959835725824
544415156659175424
524998110268096513
524940030109036544
552815682241691648
500307863894786048
552844311096983552
524967711492014080
552818334643658752
553106869615472640
544289448150986752
499602370917978112
553534768537939968
544296007589433344
544477802255630336
544475905926524928
544373593841623040
500287224957898752
580330064384028673
581273151612575746
524922729485848576
553176753297162240
553110751238701058
499694783691239424
544409532324413440
525069509342683137
544357935439417345
544449039433883650
524939818347028480
553209341520535552
524927809773649922
553123078541434880
552844643097120768
544297696308518912
499704241741520897
552813223360352256
524969137660231680
525050193360613376
500288263320768512
552797638807281664
553186026811039745
552806056154644480
552832817089236992
524932935137628160
500359897557790720
529723420993683457
553511977478537216
524974779540197376
552810276635291649
544504954334224384
553550888770740224
552815443959091200
500221671245377537
499706350759206912
553542784800792577
580364576560177154
500380708783665152
552811319079227393
500282674200604672
544328673097039873
553104721503088640
544420375224791040
544511676088066048
580322346508124160
524947964620701696
525068253341970432
553592081483321346
524926472432410625
525028955049320448
552812951208722432
524950507023245313
544444409769512960
525029954908860417
524980579956449281
553557753558757376
544332847050670080
524946461621235712
524951456362012672
553197197618339841
553133048611753984
553189840913989633
553174247506706432
553548404102414337
544390017930383360
524979925343014912
553198107278987264
500070108099002368
552823427862908928
499610913112989696
521367917322338304
544447768354639872
544338575240609792
576362213134454785
544447757860483072
524955243185176576
500386978467414016
525003253185277952
544293783702364162
553177099843149824
499689349420568577
552840155728736256
544519024156360704
524955620538343426
525069752566575104
524943504192311296
552795585095671808
500396175753633792
544291966536523776
544393504768925697
544320179560525824
552847427410341890
544372222400671744
499659628645720064
544411561205301248
544512064694546432
499703369108553730
552806117328568321
581063730319925248
553591518619893760
553215305917665280
576225987119198208
544438653410639872
553585838056280064
552800223496790018
553485866346483713
553223992300285952
553480876315901953
524959630158725120
524929106987991040
500402908740210688
553115176057065473
500360978387976192
553538523266318336
553147341470203906
552833941930274816
581254429996920832
544336572141694976
576812998418939904
552823940440403968
499346625760751616
553589121776898048
553104539898089472
553132714446950400
553582801833185280
500247666924986369
524966565788520448
544508666724876288
524925033626738688
553589914684895232
553591049541914624
544355987608444929
576516069516525568
553540719714271233
552831524002103297
524926528342487041
576356996145917952
544383649131806722
544306118273794048
552984940900384769
552996335319007233
525048557569454080
553161476928978944
499386726414954496
552796522904297472
499703127193305088
576814014438703104
524935943925796866
553480702067736578
500358258654470146
553180071775993857
552787544837197824
500328758201815041
500278944881725440
553506946054369280
553582301003931648
544520990538358784
524935246647926784
552802098602319873
553480333954678784
499598945417703424
500239577387659265
553222038379180032
580326871302316033
552851433247477760
553145034720030720
500322486362202112
529725532569886720
553468492700454912
544496602262806528
553535765997969408
544427333969805312
521310417696858112
498314939359301632
580370275121938432
553575302392455169
544375969687953410
552822465047437314
521360486387175424
544385829180035072
499653470417199105
552810805243412481
552850379453366272
544317609718865920
525068387899031552
544364000897945600
553158826435018752
544382795099799553
552796091255894016
524960221694005248
544410079043551232
500384777514799104
553151804046082048
500377145349521411
576794571448909824
553166907596365824
499660656769921025
544353502689251329
553192373728342016
525046443103354880
524949828711620608
524953840127574016
553534707108155392
553148984509100032
576427289111474177
552834754056556544
529590949136326656
553477692591726592
524929559909916672
500295570393542657
499571799764770816
552829217134505985
552808904137408512
552786818853113857
552810855503757313
553471193110421504
553484780093050880
544515584931528704
525021697003782145
576338406088687616
529627706057834496
499409455814287360
544437156505067520
544316978278592512
552792193992519680
552813494345940992
524923293711998976
553536397731442688
500399997113098240
521369179392581632
552821977061556225
499584606878715905
552819155859431424
576813256905486336
544384680376532992
552851710880653312
525040097272819712
552836844560609281
524939347699585025
500367267901632512
553099050409807872
524964278030172160
524937597206790144
553198853487611907
553587920398221313
499701408904798208
552802011733716992
525038096086499328
552806937470201856
552838559393013760
524935023380545537
529702197916090370
524947071770435585
529707148537004033
498512590260023296
544372701285351424
576829262927413248
498489114384420865
499357077429817344
552813160110252032
544345074960584704
544293694166536192
553199320053592067
524961055211286528
524966770428243968
500186818374270976
552818821460148226
553174353735872512
524923480173981696
524963878904823808
544396587192311808
553108170726719488
498500813845966848
553171877464920064
529671440829005825
544294618758520832
552813988644659200
553546967281061888
524955159840182272
553585840270876672
525020980037816320
552851772658561028
553115341338198016
524979133366165504
524938433262006272
524944569528750080
552808071387701248
552980299769200640
544340578528272385
498286045843435521
553558126147149825
544330052796559360
580352540316946432
544403564077260800
580331527675998208
576709199146717185
498482619232055296
553589055116836864
500255282757632000
544297331906973696
553535642848989184
580359480782786560
498473263862149120
581063928953876480
553227389061582848
552790695036321793
524934827909210112
544288799711592448
552819064301961216
525046232209956865
544415425140776961
500368579875704832
524965597793107968
544512514651066368
524940716733370374
524949026064850944
525052223030845440
544438309267578880
552804810463117312
524960814944747520
544351356824604673
499602333404504064
553591084409184256
576848770136174594
552821050145513472
544511151900753921
553529196216344576
525025329916948481
552797406094716929
552822450824962048
553190393370923008
552829031075553281
553195852643442688
552839167575883776
552817101057318913
553493222052605952
580333763512705025
544332613532811264
524929796862918656
552795693682032640
576889864907427840
500280422295937024
553547659404148736
552837814946394112
544513199375384576
544410806167678976
553151700950065152
499541439962185729
499366977497214976
552801880812691456
544342743003045888
544274757689307136
524968564306882560
524942802908876801
576794571629166592
500309222635360256
500361668132892673
525044725926330368
552839972911611904
500296090671796224
500278858156085248
524964457936863232
525032520124207104
553169577228926976
553566870750908418
553212702714499074
553214783647145984
552784168849907712
499441454498852864
524959778125385728
553533193899368448
553506985413713920
544358920869789696
500257166478282752
500176026882678784
552803757864787968
544286688436969472
580332312354693120
524944006577668096
580334678340558849
552828400843620353
552842236883652609
553221319345844225
553160898399834112
580328463585841153
525010084003213312
524942851944493056
525025552634494976
544520690490417152
529720273285566464
581247332282306561
498285405142540289
500234112054341632
499691638424608768
552816062593761280
552830862585503746
500286293688193024
500297243371798528
552832142397296641
553166152344829952
544277113683980288
499345010190348288
544297827258888192
544310853613281281
552842342143905794
581293286268129280
580320684305416192
553572754746638337
552837527640363010
498285529704976385
552831515940634624
544290646010261504
552804784819154944
553541838494515200
544400801083686912
524930671220105216
553158824979619840
580327197921120256
544277117039837184
580333946271113216
552835854750605313
552839270395035649
552980862774808577
580337320508919808
499699366660423680
553216909022605312
553547270264979456
498283586425200640
498609222020780033
500421926079066112
524988555178045440
544354657385316352
498274493337702401
553107921081749504
553215313807163392
544511865729323009
500280477920796672
544513510450155520
553480257747963905
544329431998038016
544315187608973312
552836095332081664
524934300459077632
499439795618480128
529670383629520896
524924987774631936
524974566830247936
581256046448111616
576349360767807488
525065123917221888
553185370108878849
544457324211879937
500320616428601344
552837012689264640
500299904817049600
544332254068350978
544385535909715968
553148926459920386
544365585417527296
524950584349454337
580320856905269248
552796863297236992
524936966492942336
524947475858472960
499691814358888448
525036240848945152
544374422056882176
499701423135678464
524965077318107137
524958743000125440
553470733180223489
500359323588239360
544511130249744384
500347379938492416
553592040374947840
544376300417585152
524995375468249088
500331134040162304
552798016646942721
580321372703985664
580324721381740544
544313043463987201
553525347266740226
544285296565948416
544503881527742464
544305913260433408
524931019745812480
581409613913804800
498278882244853760
553591315515310081
498294815579467777
576427952860045313
525022700923019264
552785443813457921
498310006169538561
500287479015292928
529830606210093058
544426163964096513
499424290748780546
525040545870385153
500386524416856064
524940940721418240
552844593046097920
552804763461775360
552842837516386304
553553202197827584
553579715014172673
499698964925796352
544459886365376515
552812847651377153
524967727266398209
544411097797644288
553159409476837376
544511915158810624
553563889104093184
544374871812472832
544518647881170945
525005886272843776
553129478008758272
580337418550775808
525040492388823041
553481963864993792
553118198741356544
553590835850514433
553585504093224962
499501246907432960
524941504796962816
524929769469538305
544520888003985408
500284699546517505
544480083982168064
524979668282519552
553543319423553537
500280249629036544
553160244847984640
524943114885427203
529765936199647233
500305514447003649
552849116280393728
525049831312875521
544270745744846848
553575803733426176
580883864521818112
553162401940770816
499439550029381632
524957978806743040
544301925735202816
552837190360006657
552978225010184193
553233414145310720
553591841996951553
524965047647617024
544426421331169280
553548567420628992
552829011983089664
580327960638521344
576231309254721536
580364934011334656
544391790615605249
544519694401941504
500332042648055808
553534934447824896
553554835203956736
544499931101548544
552804962158514176
552821810572439553
553521697350234112
500325111497777152
552821659103940608
500289307257868288
544281012708970497
553162459885096962
553145755079569408
552812811651272705
544511736465072128
524970966842376192
552806077755326464
525020620636307456
553566644006817792
524944178586091520
552815387759616000
500375839498723328
553125364520992768
524972443308683264
553540580912156672
552846337746952194
544273459199893505
552798832359374849
553140613051215873
544280077778055168
499588291335692288
524948268355051520
580697361799876608
553473559352606720
544294794139533313
552842983247466497
544500527720325120
544450560460480512
581061237783556096
544276027644850176
552842140188147712
529649368656134144
544518590104621058
544457877688430593
553103832717094912
500413956230365185
577302850318938113
544343299138392065
544512691948498944
525027958835408896
552840805678084096
524937675115999232
544373504419069952
552801667855695873
553487625815064576
524923610851729408
580885624883904512
524953767402553345
553496489641902080
500388199064420352
553219047048105985
552791831390732289
544298346345947136
553149253363576832
553587225901154304
524938282732642305
499699052389208065
552792802309181440
553491517462315008
552822718115373057
500359075045990401
580320964875014145
529652269105815553
500295333486657536
544519635916169218
524978196589334529
580332296336732160
544341406094213121
553151328009351169
544301025079730176
580325458870460416
524981513637888000
552978586559188992
524931324763992064
544463189447294976
552819986834923520
553145603665186816
544328059482939392
498300256678076417
553144384737525762
553537537126694912
552825236715208707
552807027781947393
529645026452979712
581287795991302144
544292129972170752
553589372084162560
553537460920389633
500315536937324544
499673760484433921
525011747007377408
580318938996740096
553587708367765504
553213361350262784
553538483474534400
544373515067998208
499613731312005121
552827008800280576
553171989385728000
525044166519451648
544422678119981056
524964989975937024
552810804186460161
499692589143298049
544417650680823808
544305463048015872
553544039241224194
553587013409325058
500364705622671360
576407819353780224
529749273211330562
529446466541326336
499397048878501888
524983366261936130
524957429889777665
500285962342367232
500281094239817728
552784526955806720
544512187171995649
581288928646340608
580332990867349504
535450705134649345
552843136238899200
553130475032563712
552788396733906944
499554114024771584
500357713260724224
525030416261337089
553589860880375808
553500932521336832
552791034447794176
544301609472122881
499359735947087872
576323086888361984
553129378969047043
553573875528007680
544519577733173248
525062013551001600
553535430788780032
524926184069808129
553177082566836225
553234578086055937
499695074855624704
576429318701760512
524957647653863424
553173371043995648
552824462958395392
524949939755810817
544298334354411521
580333759125458944
580333906597167104
524949136173694976
499405013261635584
498300897051807744
500162426998755330
553117857609809920
576192621351145472
553180236591169536
544409400941625344
576327863802138624
499700213792387073
499481575059619840
553222727700865025
544452969702236161
524971165056782337
553476288103477249
525015836226895875
500382270340214784
544317438079139841
499697194325114881
529828486975066112
580349424058175489
552793552376569857
544442448965947392
544462330105712640
553121732387946496
553187683510812672
553529796601585664
498473515302260736
576171827086520320
553151132949053440
552805853762699264
524966572277129216
544284823041212416
544283772569788416
499705746377150464
500349993539358720
544466920880492544
580379486732066817
544502782267752449
581266400192307200
552812020295532544
553141935482093568
544379489263042561
498292200955195392
552814216550563840
525067419635576834
580337826279124992
552815332931665921
498287166909579264
580346992074842112
553587329626292224
553491924015783936
552849194944167936
552790074166108160
576641067317096448
524976486902951936
499705599454883840
553145130354765824
580350587289604097
553160652567498752
498499795192143872
544416436374892544
552805596198871040
552841460681572352
544281235271745537
544487672145018880
524934673760530432
580370309884182529
544458083129229312
576847722055131136
553227258782306304
553532452472238080
544286724831318017
500382265076379649
544387886611570688
553590961486696448
544277607723048961
529762820108607489
544443739800731648
553478677359775744
524995166953033729
552829971631472640
500281856559161344
524949837729787905
553538939454509056
498253652755111937
529628988683976704
499530130487017472
544316384273248256
576853097445752832
524934419270742017
544334623023452160
552832721945628672
581061914001821696
499446567229603841
524960247518330881
553208946350362625
544470979842281472
553532980871053312
499654272342953984
524936456742379520
553584868685520897
580323815261016064
524922499466022913
552826724774592512
498248415223246848
544273220128739329
529713467184676864
499698825020592129
544381029537312769
553542235661553665
544273050188148736
581473088249958400
552800070199148544
553227220765130752
544296096244441089
576389113319944193
525037656820826112
524940803601227777
544277526248304640
553233728030650368
500307273659318272
498602841335169024
498273703428620289
553169114102247424
500242061279637504
552785551930454016
524946609453678593
544419788739461121
553127546129117184
525036214286815232
500356642329071616
553192641328734208
544477834396577793
552831705351225344
552792913910833152
544459137674125312
499519439206092800
552834559297867778
500283831803326464
500277477986828288
580317998147325952
500329864017498114
553141732452626432
552807658869493760
524948866773184512
552810884029222912
553136845589319680
553183067670843392
553196035133440000
552839800433410049
553590721207615488
552790565642067968
553491604917334016
544278202743402496
499456913902284800
500254607470518272
500286460210462720
580366761398239232
553583670343524352
524967231902318592
525006847095615489
544384255825289216
544333020023754752
544512078518968320
552831197420994560
525021050627973120
553487971497041920
552824383816073216
498303288295817217
498477164380299264
524948206023880704
529738730748534786
544469609433563136
553515399438811136
544334394912014336
552979992603533312
499660768908832771
553200085132009475
524990163446140928
524924660480487424
524969415318982657
544416939867529216
544271069146656768
552830433688571904
552829622128500736
525036180379676673
552806462125506560
553560769246539776
544483404528775168
544406832073416704
544510219401703425
499484255869612034
500359223557890048
500270284117925888
500328049058279424
544292342430449664
552807528070131712
500280847912955904
500365332351971328
544287425380360193
499690604302192640
499345023721537536
544417680284192768
544385086955589632
580326978546495488
544295871592951808
552783238415265792
524943132409212928
552842814061424640
580331071457333248
499657337548701696
524965165759221760
544298354029506560
524930575472136192
544420349052342272
553553173743677440
524973920722878464
553551225560764416
524987107081977856
524951711941922818
500429525558505473
580336394184323072
525023642007371776
553546878902861825
544427938372792321
544513339544838147
552837086425128961
544313132865159169
544429514525507585
544492053900836864
544341369762742272
552829580579323904
529669611030331392
553516197283893248
552805267990413312
581325025569030145
524980166289002496
500296080710705152
544361776020586496
499699989237747712
529694805010685952
581299354431987712
580327576218046464
499514668814467072
553530524183326720
525049481679892481
524935345998422016
576713397196210176
544378468931076097
544401374675341312
552833942777511937
529724757366022145
553121522769219584
553152515701612544
544345939054710785
544518044643770368
552804175310901248
499411738467794945
524969483317026816
544406902990323712
536848962775678976
524961659685588995
544354418938740736
553236009081921536
553124268196642816
553551934251343872
544302938374426624
525071376084791297
553103334626701312
553505242554175489
552850725467082752
544518696463765505
544452299641192448
553479222434729984
499681614549377024
544396260740845568
580321350750990336
544275597464444929
500375545918803970
544296158206894081
498325055726559232
553196453938855937
580352532167311362
544309497041133568
544288773023203328
553538058440941568
500349179848560640
553589419933196288
553473704060284928
524977669902172160
524967631171117056
544314234541469696
544274544174071809
544302851158470657
553501773517033472
552784898743099392
499700209484828672
500292684192686080
553518024272379905
544453564718804992
544332519861022720
500072098178813954
553540617540624385
499604750888083456
499700824432717824
544297247567917056
552991544731774976
553201549997277185
576815329172590592
576443643680178176
552816600995614721
552980760500916225
498486826269548545
552834481183539201
499368426931228672
499691501136650240
552801979861598208
500331472277225472
553548487225532416
500263680026869760
553535441828605953
552985297307598848
544287083343671296
544334939374641152
552844436460560384
552802654641225728
524925050739490816
500278045597368320
553118212813246464
544521948924248066
524948264148160513
580325235653799936
544306719686656000
553523303453696001
499665889198088192
553163210715844608
500358195408551936
553151506556653568
500312670260957185
553531802347122689
544520949748752384
576483978363973632
529643568873230337
553538939076624384
498253149707464704
544294639805923328
544520344976232449
553582812964876288
553472225798795264
553535467065712640
580371776619839488
553211397782654976
544310691600302080
500367591773179904
498313143530303488
524923148576518144
553098785132670976
544482559900393472
580320856561209344
544299439087550464
524958516822671360
553198972287082497
524976313766273025
544348695076954114
524950159160250368
500381163866062848
553185854165114882
524958409381384192
580338194731962368
553587816048099328
524956007324082177
552816689386373121
553563356339384322
580350000074457088
529695367680761856
580339510883561472
499655603405725696
552834558706847745
529671638539698178
552840905213083648
535434467696189440
499699779426066432
553553112456499200
544327577406410752
544462438310375425
524998460848611328
544391789789331456
553542337553764352
553159439457341442
544278335455776769
553553331671408641
552822314157768704
581301262269829120
525068915068923904
552788007603142656
544514883484520448
544373676842311681
553479280014151681
576321776424189954
553474514496278528
500365170796158976
580336554406711297
525012247249428482
544462912644214785
500347948635791360
553206989925658624
544346107900207105
552822783311630336
499388398529175552
553558824720666628
525016983646244865
544519083300241408
498603999252467713
524940659778920448
499453886474637312
544391533240516608
524974106308251648
524956415589621760
553570914143854592
553555848794877952
552827029692104706
544434192478519297
576655512462344192
544326597055369216
544335202923737089
552819824007872512
524942149973188608
544280397472088064
524935816603107328
553501469388058626
500284699760427009
553513403512532992
553225402282692608
500379259698176000
552841650582847488
580331192316198912
499512318410375168
524935586025861121
544444539092488192
553107939926736896
524975031059632128
499651830951841794
580320267777511425
500235112785924096
553546063752478722
544475892685099008
580359405620858880
499650234914713600
553465105028222976
500354471525109760
500422971320963072
580320890086383616
553586897168392192
544287203728556032
544329393737170944
552787599031828480
553212338728603648
552814974511628289
552803839490150400
553469523945590784
553535468290453504
552786099899494400
553214612569456640
552841287670308865
553469733656203264
499581469027618816
553155289235881984
499520839860367360
552986374765563904
524948790227517440
544436750097973250
553552772277481472
553567076728963073
552819569103220736
552851838928953344
552985389523148802
544410900854091776
544282015487787008
544402024524038144
544286686142685184
553131791553667072
544382892378714113
524944881941495809
529590474005544960
553212333867012096
524952322703900672
544391471458451456
498575704582148096
544521880661950464
544353303468199936
499620598994444288
544425457471725568
524950321064607744
553214726629781505
544508900595499009
553233130275221504
576472861528961024
552812140479148032
544470843997564928
552827819521085441
544520802339917824
529728664137904128
553473369539366912
577303162765250560
525056576038518785
544401573968097280
544374569016885248
521381662551474176
529712119391199232
544377046030635008
499698828845780993
524935633463037953
499411840733282304
553505371290357761
544432946841538560
576671947091779584
576796432730071040
544393889113600000
524949897221795840
552834640692912128
499394221984714752
580324027715063808
581315281630318593
544315864397258752
529648547864399872
498293668655423488
499403422278619136
552805175874686977
552825664307744769
544427255439425536
552825783337897984
553220054184382465
552830864187727876
525040767317082113
524926279309860864
544512676643500033
524932292406681601
553537740588220416
552799062421164032
544380441210277888
498489451954573312
524979070288019456
499565555645685760
544304200423723008
553143415899451393
544384825332101120
498433651835940865
552821570423771136
500294693356175360
552819936343883776
524947971679744000
544271284796784640
544436279442546688
576769677592039424
581387966125248512
525018799347875841
529725387400835072
544450580367024128
524927288077746176
529695483661664257
553550030553243650
499564237552115712
524972166006464512
524956648151191553
553113938091462656
544427461136502784
553509146730176513
581394092648710144
524923462398513152
553506608203169792
498492636630896640
553171056589279233
580333314415919104
544514538797035520
499674825753772033
544294402366394369
529646030472904704
524974456851410944
552823301899575296
544466608450580481
499673142114013186
499553298668859392
498285556502372352
553469263650906112
500290456845299714
544425494763302913
552847251207241728
552814845016694786
544279945128591360
552824705703763969
580322349569994752
544388329094270976
553488824656203776
544321311250468865
552823108537954306
498472666802958336
500298588992593920
553227288859664384
544374511194632192
544331022104395777
524993009440403456
499626055251271682
499703128540061699
544381144620216320
580334199187644416
553219770053443585
553100922268942336
580327692765151232
553532736187924480
498284302128668672
544314020539289600
499648712596271107
552836392678465537
544517440332627968
577300802294804481
544445364322197504
529735608676413441
552830850279424001
552848426812313600
529701740925698048
553161401733496832
544279950929321984
553587546614427649
525008613392515073
498265095559184384
524988027425554432
529731453865955328
553575450329378816
544337283801829376
552804839886184448
553535971959275520
544444021066563584
529399936434327552
544444148234076160
580330369603366913
499575076468305923
580322653472493569
524978526974668800
544329204314406912
553566200098488320
500293392060780546
552978030935941120
553128548526227456
544396816083468290
524953918166794240
544483913830531073
553537551114706945
544351967829839873
553574522972958721
524949028728221698
544289880805605376
552789196906459136
552785695845396480
553108242856177664
552844023996907520
580347360959717376
553531971457265664
544359670480379905
525045145079533568
553526283033133056
544450710926934017
553143519536500738
552837035732381696
553129559173115904
500327120770301952
529726211241803776
544337816298070017
500295393301647360
525027539845410816
524951419175309312
544437798426509312
552825211654246401
524976857822011394
529674474019651584
544521788777304064
544467710923395073
544394005182963712
553497508970631168
524992063553953792
552845136414380032
552814317096407040
544519298015039489
499377470697926656
576889130258419712
544494408515608576
499427218171248641
553575984054951936
552801894092275712
499706059691663360
524922078638903296
553205691742425088
500360632093646848
499700838127120386
524975847846203393
524959332656349187
553586959596396544
553552293371871233
500286058664579072
525046462460477440
580337327677026304
500379055594946561
544349773676179456
576820722426839040
553227856046596097
553490160344502273
552820331204055041
552799591255384065
552851189675470849
552849157694947328
553164722380742656
500374427448516609
576388172109750273
553581669710831617
499478126570004480
552816302780579840
544472800379940864
500363097698086912
524957925157384192
544324741239037952
544326741674967042
500263561298710528
524939142485262337
529735706386898944
544514474963922944
552811386259386370
544515097625108480
544442206832963584
498483031842500608
581063906682114048
553163344577064960
553466755411369985
581546828954411008
576338374925164544
544358533819420672
544305540286148609
552820156980670464
524979089787330560
524935791794221057
544367462012432384
553152448077258753
525047767325220865
553591758899412993
524984773211860994
553172543470043136
500278978557804544
580325799078793216
500287313256402945
499554248292458499
544286172109758464
498267673789472768
524960580944560128
580342917291708416
524966596897685504
500070699768496128
525026715123601408
553529935789559808
552797058990870528
524932558275235840
552801438821515264
544282877278814208
544329935943237632
552826876398292992
544494721872433152
524953110285152256
529651454832037888
553495922639122432
544419008615702528
581286157151039488
553558385048944640
552840964025626624
544282393801007104
500393152444772352
580326222107951104
544443959662358528
544454229960974336
580326012749221890
499635302764662784
524948264886759424
524952883343925249
544307871853592576
552808620187217920
553540355317334016
525045203648790528
553591548613386241
544290258951892992
553529101659566080
544332510440595456
544489539348471808
500359125310922753
553181902543126529
524939378552864768
580320745974288384
580364138020507649
553202028575731713
552804592988479488
521595221155774464
553186670871597056
580357537083576321
544396563116589056
500294349872062464
553164303650799616
524962748237889536
553096753898323968
544384498947719169
544309956250320897
553148970651107329
552839028350136320
524950455743291392
500288693031419904
544356213837017089
552827133500719104
552849585899462659
544515072203444224
581302544116379648
553515827073261568
499691224169590784
544514570367168512
500277421506306048
553185825065009153
552798310889566209
544383230091464704
553537870431268864
524966392702189569
499687644045918210
500277301607542785
553487579077550082
544430900235075584
544298663061643264
544495737770618880
576639665786249216
500300813835988992
544423787949600768
580332876081811456
524937114539282433
544392718601183232
524955385480753153
544306591235710976
524945585539776512
553176929411825664
544319274072817664
500371149713178625
553530513580118016
544395804190855168
552981833189969921
524940014065811456
552807783385800705
553544336475168769
525021083892994049
529727794826457089
499444395800682497
544461947882586112
524968337747767298
544288681021145090
544462918465503233
553115396006764544
553159810179661826
580320612155060224
552787144415404032
544510450101415936
544415105358643200
576857359533789184
580323498905702400
525040252948189186
544323933634564098
553198268436344832
544476492281827328
544350480780914688
524998881676107776
544500288183607296
499682060793937921
580351390570135552
544433739539812353
552821991850668032
544348632980676608
580321203757387776
544320992361721856
552812984343330816
500163615555878912
500279160795721728
544349042952916993
553214939838836736
553169307824177152
576406521833086976
553474012446478336
544478708741201920
544323358327070720
552790598823186432
552829396265230336
500353815132897280
500397785246466048
524937204552843268
500411055315910656
524956372199555072
552838203276021760
525058976376193024
553562348376850433
524974518960652290
499658267493019651
576600087066869760
499655249398075392
553489837542899712
525055879545380864
580399487740297216
500315237375954944
553101451271352320
524947149134774272
553186555150749696
525018717038854144
553461741917863936
544390718253699072
544519358090084354
524938137320312832
544348392944463872
544282449388519424
553561452318322688
500385877684539393
581386094337474560
529627936622931968
553583809602801665
580329886532968448
529627432996044801
536835327584141312
581307361857392642
499652628825899009
552830966411321344
552834461478715392
544515850963648512
499674159916789760
544321934410788865
524946336190586880
553590072373968897
580340423044018176
500251535943942145
544453205682556928
544309943533600769
544382249178001408
499690869784846336
580336568419921920
524964564018790400
544497307933474816
580329747416113152
544491410439667713
544289311504355328
544334554631536640
524999079127162880
529654186791944192
544452087468150784
500369391339724802
552816497740251136
580352792700821504
552808487924011008
529776116773298176
544515999161393152
553590463354380288
499409692834021376
544283374911627264
553137713163943936
553588106587545600
524960245509287936
544443266926931968
552834732325879809
544453251068743681
524942548066791424
580377986941206528
500266427840864256
544370072018378752
500360095738626049
529666235710332928
498301902048997377
552836100814032896
544284526684286976
553543144172969984
529746217098825728
499637476315910146
500307001629745152
553568095978401793
499642374428307457
525019752507658240
500072155166814209
498262106937237504
500258409988763649
499703033174179840
553222048924049408
553590880352088064
544520615441756162
544338731210399744
544314810884562946
581411131547320321
576767713328144384
580320645906632704
553163190138580992
553591760668991488
580371847335821312
524959090125320193
525019265888702464
553586246883475456
500289154581008384
500264535471980544
499524024012386304
553540934118694912
499691593985957888
553224082213601280
544289941996326912
500339512082698240
544395613043818496
552842761565904896
498483485133516800
552805488631758849
535450182142672897
580329153553141760
553570681619640320
498508707244683264
544483282352889857
500315291168276480
553127508150071297
580387098039046145
499655869412286464
580319968484421633
553144712920834048
499667482354143232
544293069957259264
500073277273165824
553526776878469121
553524183594844160
552814770542628865
544308749725626368
553193866057506817
544271815007145984
552838287929663489
580336326634962944
580883727624065024
544300088747884544
576815154735775744
524974318087061504
499704667195322368
499385227362328576
499690323883589632
544285508441231361
529637014527029248
529667041142124544
524965406377664512
500368724579192832
524953530193301505
552827979093385216
552810477940932609
500231335668383744
552842642216988672
553590529548886016
544389259491172353
500327106824245249
544516164333080577
552797148975464448
552983003308515328
553578348111085568
499361017038905344
553227441712668672
524986210402705408
580342519516512256
524965242213007360
544444261027299328
553537280343031808
544352727971954690
552787914271510529
553543369604210689
498311895716470784
500298847550472194
500271532279877632
524962072262881280
581314363644121088
500355259341242370
499435341259223040
552813155572006912
498507730395484160
524976963862429697
553589970775343104
499706065769201666
500319801344929795
499695918547861504
524949306101743616
500285282650832896
580882701063979008
553200115079712768
500383514567925760
552978385572732928
500315532382707712
552823014866563072
499657337985323009
552797729504886784
544307776135364608
553541776854634496
544291965513134080
553582057537146880
552850533523136513
552982613288157184
544336537870434304
553550448154910720
525041399344168961
544324444773433348
580328302939889664
576777148217843712
553537939041701888
553126072905383936
499700083265269763
525060022569422849
524953391634866176
499688832300630016
580355037504909312
553584366803488770
552814978823385088
536824260615237632
544405761925738496
553589657695715328
553143017922912256
544497405237161984
552804491821854720
499439571520991232
524928960615186432
524978172110987264
580351367719591936
553589610014867456
552811735183552512
524937542131793920
500385585807499266
552980557836337152
525033278555033601
552805450350362625
552835339325558785
553497730476015617
544506678922977280
552848478196736000
580328708675887104
576528880208637952
524944571256434688
498284334806495233
499689919929798657
524985325190656000
524987150413336576
524966904885428226
499383640267423744
553483707122995201
553119505887395840
500316380063748096
498345343629541376
500270456830562305
553223882128490496
580326744357515264
500366207552196608
553541676229472256
553139285717950465
553591653647138816
552784882687299584
552808135006887937
499411596255719424
553486439129038848
500279571988877312
525044004287971329
553558982476828674
544405871703240704
553531695480463360
529726642902810625
552849797892542464
500286865963245568
553215658784456705
500234390723915776
553581501422788608
553486529231089664
553226479904231424
499430225043009537
553566829273423872
544403765575839744
553485654030446592
500359377585704961
544514782456729600
553590811355795456
581252958446329857
500360596995731456
552847035108323329
553167814941761538
499366666300846081
544338698750664704
552807536894947329
535942066694803456
544448652886818816
553580959661309952
498301635756838912
524987432656453632
498293625420148736
544340091615715329
553466230989144064
544484515742482432
580346858846822400
553569333150896129
499404849835175938
500280809652514816
544299029601861632
544299273664593920
552804769241526272
544396078125039617
553590273952215040
553206304396038145
524982954880413696
524958173245870080
525031610136014848
552838171323817984
553131713376047104
499687274326786049
544488899100147713
544377502563459072
552850022271033344
524969878823137280
553475824369012736
524933534692442112
552789443644751872
553476600985948160
580342401392312321
544321103875694593
544351486956670976
500284871541940225
500237448798949376
544351885298130945
544472595140063232
552845654637436928
552838568717344769
552982828963856384
553473629854646272
553517548734791680
552851629624803328
553126953268834304
499457882144796672
525023912221212672
524925223226081282
524949526487265280
525046432085327872
580333728762896384
580347961256837120
552844767281688577
580335420703170561
544290995462889472
552814566594576386
553200573387124736
553582011324329984
544357563534680064
552815091331366912
544419416578850818
580349419360526336
544415816851021824
553125301090525185
500427783848615936
552848653980033025
498499836900278272
553108804934856704
500256984768475136
524963649455407105
580334729678966784
553017543330648064
500318003024494596
580332410853789696
580322332348190720
580882121222434816
498292602861400064
499608179362521088
499706211093471232
500393439482368000
553546551709409280
524993533212897281
552841185199263745
553140461540343808
544442068639416320
500395288335360001
553545384069328896
499691429359517696
553493300242432000
500276114011742208
553145759961714688
500378223977721856
580327611760545792
552845191003250688
524955170200121344
544421245698056194
544474960602083328
544521141335764992
553588760060125185
499665704300191745
552790824971677696
552845017208061953
524929893759737856
552805970536333314
524943226948820992
552806757672964097
524990519777443840
552806932176977920
580336782782382081
552809418417790976
552839518974660608
524933380929245184
552791414388424704
529723023184498688
499402444267212800
544320939245043712
500378522398244865
498305962726273024
552835385043062784
552850514132873217
552789583260577792
580334309422161920
524928863714168832
553163862707818496
544505447911149569
524931752725585921
500335927248429056
553109319764291584
553181500104269824
544425492971941888
544346361101963265
552835301547442176
553500238246608896
544444189078208512
499700906384842752
553168698677030913
500363126294863876
544467005655748608
500372391407931392
544353257175654400
576412997662433280
580324697415360512
544362543997665280
544469470568148992
529771847186124800
552795050502270976
552824163841638400
544468997916614656
500302115458523136
553152831050362882
552817918220984320
524934941914968064
524957872296583168
552848704819183616
524931913426157568
580347290633838592
544318880001560576
499347831954870274
580318717860532224
544334612718055424
544274797640044544
580364236330762240
524995776578330624
544416582256967680
499606278910398464
581335535832039424
580352273001410560
499695682476060673
544520121436213248
524974975623892992
498308585227431936
499438052688023552
500266977814790144
553166766977740801
552798891994009601
552826581916594178
525013278343581696
499362269269336064
577287149516541952
524989886483673088
498584409055174656
529660746645647360
544295960449265664
581107798932631552
544440498594017280
525033625788907520
544475686740967424
529641857513308160
525021103559696384
500385868041842688
529723420268068865
553536269972942849
529726656941162496
499612545909415938
553493707472011264
544444661859749890
552841684485414914
552797114863198208
525045709402148864
576504635738951680
553187282295877632
524958498770395137
553235360722214912
529654388269535232
552786340958715904
553589880245481472
499345384024842240
544516101556961280
552981296839131136
552801724898226176
580350426278719488
553578243173781505
500408607561629698
544330174351679489
553098796108750848
552836775191019520
553557308937363458
552805799106732032
544271743331078144
544357264333615104
500069586063335424
499410965075886080
500277854341697536
580365989780520960
552812572731527168
552787144373460992
544519486498676736
498474263255330818
544471218951581696
498480911243948034
524959715957424128
580330104846475264
524953508978909185
499696948296028160
544329092100005888
524965026256662528
524943615437848576
544465862942797825
544459882075017216
576321916593659904
552847505763737600
544434450918932480
499706791396392960
544293770926120960
544518415952539649
581318271321931776
553209917944131585
499688532391526400
544479045149130753
553183420499894272
524947502903345153
553210080829906945
500301870145880064
544275138712469504
544283387087691776
553164185006534656
544410907204259840
553491005971132416
580348081100734464
499589336816308227
544517721757847552
544501464849059840
576423157587906560
553483415954411520
552817293969739778
553137946740932608
498294775649665024
552794995942772736
553181386069143552
553098799380717568
580353986991112192
498264107460870144
544308490840195072
544440749387808768
524942952733220865
580319184652890113
580320563891019776
553229956830875650
544280516821024769
553502180666531840
544399927045283840
553501357156876290
499669445548449793
580357920984051712
552812775907422209
552811533303296001
580347068457308160
552814460193476609
498283038338711552
500314788610985984
544508543152304128
553567184002502656
524994965366382593
553136237083889664
553122359398260736
525008469385302017
544442676410867712
580330740086243328
553220172925132800
524951279760867328
544285213891629056
553586510260629505
498296205777326080
553538456207777792
552827981069291520
500351760402493440
499697729225105408
553484760233017344
580351083383517185
499355083734519808
576191681827057664
544519245087121408
499444325646757888
529657139959451648
553549680538578944
500292917957648384
580327625626927104
524958384060366849
500353295903637504
580322927679279105
553192366098898945
499691556652449792
552800222553079809
524977812852461568
498272364560257025
544436172999495680
552790875492073472
580333904126742528
553531130163773440
576357849204412416
553551286793416704
500318980007948288
500298091627823104
544309006500888576
529773194027073537
525010245811466240
576859807388418050
525040408653754368
580328848774045696
580326045238333441
544312876245057536
525035832336736257
544305673287524353
553180005514366976
498250100079341568
553542628097019904
553540739058376704
553229948153262081
544414686935285760
500277940253634561
580317556516483072
525044262648676353
581246782765719552
499526002469797888
552788947219533824
576755174531862529
553172609211596800
552846287314640897
553514329166061568
553157600704204800
552815540721291265
552845868932800512
553543467427577858
553517053110657024
552846938677059586
500308705083400193
524957773810135040
500329800725442562
500335355904540674
524996756220956672
552797828977029120
553226059836297216
552807191775043585
552816686752358401
499698366402789376
524966946467749888
553555705945288704
552834996265054208
553136565296582657
525026219100995584
553142344166301696
544280217104031744
580337583508570112
524964630221705216
553099479381848064
544509652390924290
553114307383541761
552985855854661633
581296960830881792
553503546382249984
544288968624578560
553149347777753088
553528788383191040
553196263064498176
552817711617552385
544496648445890561
524981890567385088
576811711652450304
524937594090844160
525029433632366592
553213362713399297
576565012086579200
576716016908136448
525052976562712576
500350150695743489
524956129017995264
524981689781870593
553161360503500801
524923403183333376
524947674164760577
553545782050045952
553586275438301184
524965723672961024
552833197084778496
553585447235223552
552832019940376576
544325896661114881
524949243883425793
544418204508893184
498322865843109888
524944788525973505
544328351939186689
553486601146617856
553581209193050112
553155988917075968
500406581855801345
500309745350508545
553551598954491904
524952808110694400
552841006799159296
552808242276229120
544389893120856064
552809336360419329
553204017552457728
544508725420380160
544279103864860674
499383196451368960
580355192908095488
498510381774819330
524932635177795585
552808282398924800
553224402012078081
553578029751226369
525015193425031168
499365436816105473
498355319979143168
580359081296293888
553574650450825216
553181997041217537
544271185903484929
544472530921480192
552825083941879808
544374563539140608
524945665827545089
499456140044824576
544372545219489792
524925730053181440
544463778780557312
544309096351268864
553201539737976833
553116528074575872
553140194606469121
499401831874043905
498504673339666432
553100279089205249
524952341561491459
553574501964079104
544441034948636672
529684962778570753
553540824768991233
500400102125879296
553591055833382913
580350403734310912
552814494381256704
544455370476109824
552985912901001218
544287332061298688
525025695425380352
524959809402331137
524945197705461763
552822812281692160
552829046485434368
524988783213547520
524978422188376064
544409869990633473
553112230292496384
576470720328392704
524947416869388288
580330454869512192
498497371899449344
499693751720501248
552848726197559296
499704416937975809
553591259672379392
553502749498036224
544347292493705216
576552070456741888
524955304199352320
553540131756732416
553216874130206721
544334431830286336
576397815406071808
535828163402543104
544461231549992962
524936075870228480
553220369721483266
529670566031421440
552841583251701761
552785391653494784
544490782183657474
553477554041257985
524973223356940288
553102828743716864
553231667523883009
498303769915191297
552830521340723200
553103134210666497
525070933556350977
544482233038286848
544317709396496384
544384467809230848
553200769671761920
553167429665587200
552982816045408256
544308031446872065
544352874969698305
552812682626465792
544301149348982784
553161458931236864
498294248488574976
500274697485824000
499697648866045953
552807013764575232
552847230693310466
553122276913471488
553585862987235328
552985611070881792
576694748095782912
544301961638457344
552830151650967552
499605248747786240
553559880599359488
576238790936662017
544420067774316544
499400566397607936
499517463457849345
498264393185239040
553587352086384640
500320680810795009
524988712367955970
544518859290464256
500171743466901505
544514127197388801
500299227969646592
499601812005998592
525020326816927744
580361142666563584
553169622762262529
499381843955707904
552984798671945728
499583424114728961
525055052801515521
544517264725516288
544514988078280704
498304114955419648
498281812821803008
553164381673259008
544279262547935232
552978376424964097
544312065637097472
525027317551079424
553175714128990208
524954028287877121
553174639158231041
544273563872538624
500405384503238656
553517080637489154
500362377062547457
553561169923829760
524965786059026432
500301519854379008
544360851646709760
544305999994421249
525019992337551360
544340812448804864
553224215676354560
498556324868009984
553137476135432194
525051210349289472
524954630279925760
500318336719134720
580364493928181760
552790838015979520
580348878370828288
552799669521481728
525055967076290560
553560488056225792
553137601457426433
498483279943962625
581295858898989056
552837078854410241
500290464621559808
552980714610634753
576617856919465984
500380282097520640
544274585697280000
544505129810944001
553157857215262721
553591093498224640
552978099357237248
544515671347200001
580345253179342848
553589330846183425
544518337498058753
552849316021551105
499705246642622465
525023025792835585
544512398628241408
500328451929559041
544297950134816768
499349294034743297
544284455909998592
552788886355996672
553159290987364352
524981463033581568
552789521646247936
544288661253398528
580321844089212928
553551148280729602
498544167757570049
544369501857263616
525035552643751936
576657704933990400
544390550497947649
552817151112142848
553174713061892097
544466903364673536
580319005703069696
524927789892653056
524955388190662657
524981565462704129
552817490263572480
544449632131375104
553555979238129664
544499381731622912
544376532161298432
500266967102914560
544520195659014145
499369948943495168
553582039106990080
544318036715782144
524995942995746819
552815274848964608
499402006146977792
553553244845522945
544370712639590400
544518803225604096
552839416620658688
500352655827279874
529644561770217473
544343625069379584
544364507342979072
524983828000276480
524941272549969920
553229626756329472
553205261847236608
499437429690888192
499494187969298432
553186739326812161
552837775498964992
544323086841954304
524973811092193280
525028171549523971
552840067199533057
500327581514993665
553553966970044416
500308546815131648
544269749405097984
529687410611728384
552837907174948864
524947870735429632
552815293349650433
576832918343032832
499567797064957952
544312732443348995
581303989406314496
544354840042680320
525007169956347904
525053517531062272
525031558949134336
576387464924819456
499379061718659073
552981889619722241
576341809812623360
544293261506928640
580323152103911424
553188225691684864
544327278469988352
544383383095508992
498291267756130305
544284859628523521
536825223061180416
552812040926941185
524979756371288064
553224764924243969
524944981753356288
552831842232324097
552837268160135169
553470977972375553
544520586576547840
553588494661337089
553156988356820992
576819219876225024
500251503903662082
580706841769820160
521359863884967936
544517264054423552
580326398620934144
544473507594113024
499387985096237056
499667557247614977
524936592159698944
524964929083023360
525041601890881536
544443259804598272
544397240601563137
499679142766735362
544517624114081793
553489393202499584
552845542536261634
500413489882484736
500408829696544768
499600140580044800
544307547390607361
525025279803424768
553586798451257344
552984474729062401
544521433473634304
544296985910861824
544516240572940289
500278169828470784
544516478821613569
576866204339609602
552979279039197186
553473416905629696
552817061203050496
529818929607475201
524975552638504960
524969431534153728
544344684685189120
553106200242700289
500359356589019136
552820930419109888
552805169206157312
580338392782757888
525069912679923712
524947424482435073
544379738240720896
524981945131102211
525056022046851074
544309113694740480
500407038800056321
553203538579701760
553589860892942337
499386181310619649
580331677899202560
553556060569862145
524935769614331904
499408988422037505
524925600318754816
524939821815721984
499692915954704384
553544266526760960
577311956048154625
553541834975498240
529726566646177794
544300369765859328
544513524438155264
544512867144192000
553151980928262144
524936872666353664
552814983797821440
553496697918468096
524950404283772930
552811128326475776
580329937573302272
553190655011205120
552817205982019584
524995620088864768
553578250186665984
544407393451646976
552812416485294080
525012689568161792
524969144832491520
553209843939831809
552832784046108672
576276947648405505
500396366829735936
553182889379397632
553576648973377537
544287902079803392
500278365031370752
499697498072420352
524991576163250176
544404673357021184
499705041238765568
552836516775354368
553509591888441344
577258317942149120
498483784296448000
552815182708494336
500427786159681536
500303864495882240
544283714751328256
498480344992350209
499453410744483842
544429467968339970
553588178687655936
553515054503821312
552807210041212928
544399562866053120
500332097064550400
544515546633355264
500269950876286976
498474035668586497
553130148107943937
500301418406744064
544492209861836800
500334308867858432
544286537299787777
576325381990535169
544365039663083521
580325243631321088
544511391349354496
544410895602839552
544503425082613761
552821069036670976
552807236339507200
552839190921351168
498277674692149248
524938288277118976
524950899899113473
544513517706305536
544448991518130176
524944399890124801
553541988490825728
553562569169199104
553574709669814272
525071638464049152
524926445496197120
524986649315667968
499696137708658688
553135255583219712
544389986809036800
544440724192628736
544377700677615616
553194632520421376
552846353416867841
580330560331091968
524949628689461249
544468178961592321
544284483453595648
552844167681159169
553539631149756416
552818799095730176
552838613877411840
524993172271665153
552806890498191361
524976929703997441
544511434840113152
525012561214058496
524937635698327553
553215634864345088
553231516290269184
553581668142153729
553181899662049281
544313370892324864
552825753264717824
553099800951136256
553536358950916096
500277563072475136
553575232867672064
544384662765068288
544388013141143552
529695075560071168
544414430025371649
544355417900716032
544280399044960256
553591475830009857
544377870554898432
552791196247269378
500358977046474754
544294893146091520
544514207933542401
500394005419409408
544383022876065792
553537380209401856
524975093966209025
544427042616254465
553542442373619712
552796625467621376
553539504146231298
524948554344054785
524977830124617728
553144889811402752
498292317296812032
498280730070622209
544267656597995521
525009850104037376
524960851493924864
552981531023921153
499703254637219841
552847218403581953
524926643325132800
553584782987497474
553553288625672192
524954161054756864
580338189904285697
553567850301231106
498455001463664640
499504676250066945
553590522800275456
552812188315172864
544287499397242880
544282227035869184
580347051927597056
524977651476623360
498276304635322368
524955317201666048
552802714816905216
544504183341064192
524968293577158656
524924225463668738
553228482927263744
498507434693246977
499702462865874944
524951439417044992
552827825603219456
544409432600223744
498256407980826625
552980632432050177
500286059918274561
581183387848859648
500391222075076610
553210306877739008
553229592480481281
544290780991725568
553475729187680258
552804328319504384
499649813332639744
499576743967993856
576494415851626496
544518707825750016
499376069485821952
553110339236409346
529654321873715200
552849248182865920
552805830677258240
552784600502915072
544515174376701952
529578734102523904
499649872534831104
580356429615337472
552793679082311680
552812098057936896
524997030536830976
544301235596054528
544412083714928640
524947129354420225
524923678472286209
580323165068509184
553229808260632578
553573432554979328
544518445870497793
529654845838741504
529728291545284608
500293872162205697
553555432577708032
553219195056693249
552810359409897472
524955557686284288
524975705206304769
576821792834232320
580351149619953664
576860068316057600
544314301067304960
500358655834062848
580332109782466561
499590929611640832
500376174095511552
498530293116968960
553477352542707712
553560219981459457
553170984824733698
553484530804613120
499363975377993729
544492454016475137
544387669766451200
576833011955679232
552804408233193473
552822944603582464
553115926531674112
500296692713783298
552834411553886209
524980504324358144
499701669437784064
499445575956578304
524953017389707264
552828280806850561
544268637134393344
499590048313262080
553175451506855936
553543939517874176
553173501369389056
553566279953842176
553137849663361024
544384839906906113
544518335019229184
524982066564567040
529757088881573889
553561170637238272
500347920210989057
553531783992868864
553538304332017665
499611719090450432
524942687003484161
544378769952505856
553102562665050112
499693137670205440
525036457732231169
553559793940447234
524962199543230464
544359578612559872
524954313337364480
524936137589411840
524951585231994880
524985046198157313
580336341080260608
553567716414484481
553480292498153472
529655746074779648
552834445301256192
552850611524599808
553227906449960961
544512465099587584
553196571194851328
498280074941313024
576344611519614976
544301449845305344
499697652385464320
499560002341044224
553178273895956480
500382853147164672
500375440285237248
544416309266898944
553207216774590464
553554351633858560
544506628239028224
553470140042735616
580340024736116736
498616975850225664
552834842837409793
580882417117958144
553581897792913408
552814410763603968
500368901365317633
552793551231541249
552814766369284097
544515489016594432
580377378226049024
552812623658762240
581063145256538112
498274948772024321
580321948070240256
544497137221136384
552845250268766209
544356997718900736
524925553489760256
544372465078505472
576348679231033344
553584683892871168
500197999205965824
544293739221368832
580333881687195648
544389506569220096
553136990787342336
524954623145431041
525037540508594176
576499275754041344
552849515271958528
499689757652566016
499361679197884416
544474153646956547
544339368823894019
524929550493712384
552833527444566016
500332933098385408
553209912550240256
544381485591982083
499364522038394880
498263598062661633
553146691344695297
553563668169125889
524970488590651395
499585144416514048
544401367540834304
544402785966772224
580365806720122880
544280873806610433
553518053838061568
553148844574511104
553561762466115584
544352649978843136
500288971197263873
544277860555710464
498317138554150912
499467982943186944
524946753154727936
499397804620386304
524952437137092608
552841157785694208
544392801836728321
553218001181605889
580372127125131264
553532980896231424
524943886553468929
499542449753051136
553588053348843520
552806624046641153
525062993898635264
553569379674521600
553213326277500929
524956518404198400
524926301678096384
580363156721131521
525032458417610752
544511693204647936
552836695754678273
552835221859483649
536837309078200320
544419162001383424
544389639046721537
553583867664535552
498254340310966273
544374018661687296
498497395198799872
553506337121107968
552844100224172034
553221600955621376
544480936960606210
552836444835037184
524979946218061824
525070912199335937
529733937170771969
525028734991343617
552795953301045248
580320161082830848
500192488003354624
500394061887709184
552788555584765952
529689679411810304
524959390332239872
544512910538838016
544319667364708352
524985092343889920
576350258021675009
580332903986524160
525059348574130176
553125384246804480
544284599996526592
544411992279093248
524936793633083394
500236187395571713
524946179390701568
524998906799988736
552837132491186179
553587861837328385
552983656231628800
499368931367608320
525061246702587904
552810124776308736
524982907052765184
552849662991151104
553177822312013825
524979548195024898
544293177596067840
576319832800555008
499426471300329472
544436666661085184
529572620782825473
544329251487756288
553184082277187585
552979275776032768
552807054268956673
553221293298819074
544420376424353792
544416937178976256
553503909692841984
544393766287970304
552816233796894720
544316576645017600
580343329096904704
529728722963034113
553579914717577216
552798654495354880
553540478403366912
544386515171020801
580339825649291264
552822604206460928
552827117663436801
499702134279913472
553174607604482048
529739770524860418
581301336085553152
524943721302089728
544376732649013248
500303431928922113
553531316797718528
529679889923076096
500359508531884033
581063377226637312
544494273924562944
553181586829484034
553184482241814530
500363023958409216
525038517844709376
544499892010635264
544410050572582912
544520273718812672
544308531684335617
525033443076628480
544271362022338560
576393784835072001
552787321561812992
544518583112314880
553498106588049408
553197863971610624
525048410831736832
544411313779126272
576412144759136256
553116915325870083
544287796719288321
524957554829717504
552835988540895232
500322373359661056
553586978017775616
552847905498103808
544351015936331777
544287209730236416
553127632947396609
553124985900785666
524951314556796929
552836204283326465
553229177055219713
499363612260315136
544314464569675776
553570916907511809
500320235841265665
553543032642220033
580323992843718656
524936008870400000
553117500410716160
524925124303396864
553549686129561600
524938162900967424
544465890218369024
553205427253829632
524952154482946048
544288009747566592
524945684966166528
524981557770350592
544497191155290112
580364656608428032
544499449645768706
544510784366080000
544514645571420160
500285938824908801
544446667312091136
544312118497914880
553572740125712385
499553513471741954
524924346411020288
552804198161854464
544511558173601792
544302448522035202
553518472798683136
525024518713397249
553472557978902529
544430771688439808
552791182670327808
552978476605923328
529742159352975362
553225809444749313
552824126659104771
500350777844457473
553123958602862593
544515665319976960
552825844755083265
544381860214603776
525026973459165184
580323060533764097
500343812863311872
544272701108797440
544308156625481728
499366930457710592
544307040932601857
553184451774402560
553126044375732224
525034457086959616
552829571750715392
552803413583360001
500366333461422080
544293753130082305
553143179038715904
524980402495430656
553505858811080704
524957752138149888
553180729254113280
525002842021445632
525011494896148480
553548440563908611
580699430690656256
580339662096605184
580318669483413504
500074069354905600
580325090367315968
544428943080951808
553493785523400704
524932327907270656
552830781656428544
552813420136128513
499406086945136640
552842755454799872
500180625312083968
552821223676444672
552984502063337472
553214219899117568
553488054640340992
524989654995849216
553475430897156096
553556984273072128
500388477763325952
544287252306997249
552837499937378305
553132819237462016
553570659805454336
544352188210745344
553480082996879360
553588704913416192
524931830173421568
553554032745525249
524990180034609152
580331706860871680
553176976698376192
525051365195014144
552829306439598080
553209232712294401
553542208214036480
544398776236904448
552809042687819776
553102901619748864
498294367405477888
544305859904286720
552836968410021888
498255721260400640
500309193526882306
544323127522906112
553480900869361664
499662393627410432
544292670336925696
544338676835041280
553201523577331712
544518841020473345
524969963850051584
524961561677680640
553589469849583616
553477943616634880
553511279235964928
580331121180844032
552828308744699904
500294803402137600
553542565593878528
552830668607348736
544307417677189121
544401675789033473
499579650926858240
499511714438971392
525039876366798849
544380433014591488
544520434767503361
524971258996588544
498452658605535232
500413818368184321
553160213839486976
529716453792956416
544513292576641025
552823029680852992
552822544341139458
580331000573476865
552833268362772481
553108153915944961
544281589749137408
553127086706397185
553197212726218752
529724985775235072
544280765111218176
544363391641341952
524944637489086464
553120696910364673
529725730603925505
580359057825009664
544462825952133121
580380219921580032
552798010196107264
499531968229683200
544303499756855297
553555293645590528
552807071054184448
499358869492367360
552822696200142850
498277197581664256
580336772128870400
500279189405433858
544379366474403840
544336736948473856
525007810871164929
499361506132508673
544511199702822913
580886010575257601
552819649599897601
499642704687816706
553117778870169600
553571541578174465
500277481119956992
581287723841032192
499497872564703233
500363740311982081
553583059761897473
544490976253726720
581287108607811584
498285782512050176
580336528955691008
544346261365600257
544309060883845120
552817367995002880
552842614555545600
544506443626741762
552831460236099586
524935485370929152
553532507623546881
553528503573184514
580332232121933824
552846463467024384
524982608716120065
544492372088717312
580323456996282369
525057374965739520
529735459069788161
529739968470867968
581153923987206146
552820265994829824
544379143136497664
553097004138913792
544316500002484226
544281591833317377
576855835445428225
500376891623079937
525058825909731328
580337292838981633
552845028130037760
553555600911925249
524941529928839168
553218083410952192
576475228928385024
552847488571678720
553153731471364096
544380899639689216
576833924736892928
500279519455219712
544395712130449408
552839975843016706
544293716140126208
553545906155712512
524957566502445056
552983300730404864
553208300607922177
525052332116312064
552787231468191744
536848241556721665
500236774103605248
580328132932022272
544268186292867072
552982263907241984
544273888725577729
544340943965409281
580324933525467136
525061787860103169
552837484221300736
553554585634496512
544377463581581314
553543395017510912
544279776765431809
552827123963281408
553563780928770048
500377906305327104
524962142563610625
544285245600989184
500360018928353280
552789886202175490
544317301064208384
552832584045330432
544316046379716608
552837561119686656
544391323214573568
524958599433691136
553558108866637824
580339793122447361
553590751888961536
524979179235069952
581325197661376512
500213598149672960
552993818816299008
544463201875025921
552825473160736768
500298981558063107
500347114975944705
552844104418091008
581259253429702656
580339547269144576
552836586191474689
580319116302647297
524961408740380672
500361302238564352
524928223499784192
525034687245582337
553519375521951744
553184958958022657
552821862850637825
576319105965359105
544520042810200064
544463701030354944
553536236493615104
499412661176926209
552850116324130816
576382704700256256
499472596853743618
499465611647275008
553230256992423936
544289409294553088
524958238316298240
552836829234614272
580360165540642816
580324804403818496
552983615747796994
552850282410176512
525029232691650561
544275574642835456
525048987649576960
553216460164968449
529660296080916480
553110780745629696
544290752533393408
576453994484252673
553542417673367552
498277678706077696
544518036255150080
552834182905221121
500183912384319489
552817783910961152
580335608477982720
525059193074487296
552826580741795840
529540733020405760
552840037642297345
498321666267561985
524925215235911680
500175929902395392
552818870281850881
524952005157347328
552797170295144449
524953077456318464
544316904861478912
544389770009276416
500292806175236096
500387959468982273
552808138127446016
544277817987330049
580334563932549120
553185716218650624
524958227768020992
498527404386578432
553592108699758592
544301313459101696
552843349246619648
524974786460778497
580341214098137089
499705269434085376
524964129745174528
499699006298419200
553110783761338368
524973444946202624
552851546384646145
552801115516186625
553545000110538753
499691702660374528
553207267685060608
576513463738109954
580338165824667649
498289596463980544
553534838880608256
524953604717686784
544432661419155456
552795056080691200
552808776492130304
580336661206331392
544434475807936512
580332485030125568
544280707800264704
553111820786204672
553474965278691330
524952995034042368
499427833102745600
522286703848218624
500186504279625728
524965701535412224
553143905039159297
529702439164067840
544296671950020609
580339310299340800
525026947307700225
544514564407427072
544345465311879170
544336408144781313
552833483325059072
525035564014526464
553583108105441281
553563750230683650
552790742700417024
524961908903149568
544407139205132288
524969679790817280
553484365012148225
580398796124876800
581404604677660673
524946921547628545
553157384714342400
552793409438904321
553583847850663936
524963322525798400
553182566564757504
498498431271190528
524927356830760961
576833924967493633
576526802056814593
553579224402235393
499651344622694400
544513407400304640
580336069192843264
524961513006964736
552830684021424128
524947030616313856
553573365798416385
553545857304629248
552816020403269632
552838324977545216
499595283504701440
553486796534054912
553145690424344576
552827553493565441
553185062829948928
500308076004929537
524983395026497536
524924954287296512
553170912129056770
553200726403710976
500252508884070400
524941318389501953
544519166582337536
553538559609942017
544495167836016640
553105942460760064
580318020192571392
544492984880754688
499345604297121792
552833681111658496
498590686065606657
544492843499540480
544401106617786370
553556643456507904
500277382461530112
553521417598550016
525066876058361856
544287815790755840
552819208212717568
529654486974099456
553562832001048576
499650640314777601
499375535458643968
499619724222038016
525070811439579138
524941124893700096
552786299875520512
544316684736028673
552821573946982401
544476808566276097
544284957766463488
576530892119793664
524950339074523137
500292129802186752
500212911856295940
544387967037763584
524950203476869120
553145736045801472
544456216907636736
553193480319942656
529710975730323457
552841562963464195
544516530160300032
544492614838673408
544434964985421824
553212962044149761
544337689676636161
544465040666288129
524935085863481344
499648409767538688
552837610897694720
498356729634390016
544393165101613056
553151670796820480
500280838710247424
544400853298184194
525022821534429185
552827164677373952
553586538928676864
553478014785187840
553204399439642624
580335545265627136
553205115830951936
552807904597008385
500270055540916224
553137557601812480
544445607717261314
498292628455034882
544283745939767296
553590881371320323
553587735613952001
553529789794250753
500409399865651201
553581612588605440
552833662593400833
580353697865187328
552829637215408128
552833393734721537
544406288231174144
552795566242279424
552810625873633280
553562446456422402
552850079074099201
524938107142283264
544332610097676288
581257660118491136
498492003903356928
552792271243210754
500375737439096833
500384393362698241
500277808883830784
553503184174710784
498275621651636224
500261600579043328
552836913091330051
544519849507307520
525031823504850944
553472437644320769
524980219749597185
500284377490665472
552832177138696192
553539373707186176
544319395619958784
553188974811185152
524948703850029056
553146248652681217
580320242020290560
553591317478264832
500336373833170945
552826150141960192
552820735513612288
525021358879936512
499405449951584256
544341124614459393
552833658017824768
544301900682629121
500360308289187840
544419497667751937
525008463819464704
553114158989074432
552983966932688897
544368246271406080
552814382338826240
552824769754976257
553124985137815552
544390903839088640
544412767240085504
500254671337193474
552795778922864640
525063393309630464
524945814796644352
500426667446513666
524950679274942464
500072455931588611
524961589406216192
553189526177579008
552822076676255744
553591679341842432
552980261512949760
553540872986705920
525025114111635456
552787361437057024
524987263835721728
524964279456653312
500272399867068416
544371668131393537
529745609969131522
544464812621578243
500296158476906496
580329219646988289
552826992509599744
552985973445783552
544291853227786240
544305745416581120
553476490315431937
544511112654618624
552829395690201088
498280126254428160
499668221767999488
553531413459660800
500315609171636225
544436330856329216
500359983301939200
552820533507944448
552845267289247744
552845840247971842
499649230181388289
524985687704338432
544287922166726657
552816932643405824
553527964856352769
553111157738057728
552838710296080384
552803792618799106
544280391226761218
580346824269103105
553138330557108224
524937574281121793
544511811404705792
499362949166030848
580327336505176064
525024181218725888
553187649943384064
500287815734013952
499432557906104320
544437375003131904
553168792017457154
552821730100924417
500260514807947264
552814280471367680
552846811359350788
553585596959318016
529729927835557888
498463591767756800
553128245420257280
580329455173967872
544508411178536960
498268463639851008
552834961762709505
581437061363675136
576181101577703424
544427216516698113
576815428066009089
544284577318318080
553570818031374336
544301296099270656
552807101442322432
524936931059056640
500246996163129344
552844893148938240
499363921661140993
553160909208559616
544500883963518976
544509086998749186
525003468659228672
525050632211021825
544319832486064128
499700279412281345
553164985460068352
552801958428700672
500265950667870209
544366824997912576
544514569339953154
499693411503726592
553133340795363328
500344846612447233
553588012752568321
553131797379551232
499611069565112320
552831266945794048
553213740137467907
525019469983531008
544480905532669952
500251242124173312
553206096131670016
498272080564334592
553502446769942528
544372384690872321
553530558614351873
499636076852420608
552789252690706432
499699803576881152
580883793709547521
553163722378977282
544406212461473792
553118384540643328
499592320900431872
544282250503012352
525033778637721600
544336585052160001
544435023282470912
544299916252573698
580324338865430528
552982560146726912
529708410464636929
544398512931086336
524947604690702336
553172148085620738
499408845127819265
552823829333291010
544508995361202176
544292146342531072
552799606833430528
552979420227842048
553129811850559488
500358907383275520
552851421155299328
553123329561743361
499698311306043392
525044678765187072
529763844176896000
524955251464736768
576471501081292800
580322066374721537
498269289812856832
544357899783655424
553173654121742336
552817391181103104
499563566786433024
553535862911541248
525039002307424256
552846625467817984
500306837103968257
499381321954000896
553145830761594880
524964948683005952
524947196131966976
498300832648273920
544420432099545089
544478071340806146
500378522788315137
552783745565347840
553533859032477696
552817965813739520
499620682502635520
524976835881205760
500398901028196354
553588374280601600
553100996855885824
553195806899970048
553215879979085829
524979702940045313
500358061698347008
525016728091500545
552816539175763969
552804301316579330
498430783699554305
552848701312737280
500282606316158976
544427133398175744
552797154692300800
524936365427806208
553228537084116993
544521166543548416
500277625773121536
553484619426062336
552986187364065281
524928297986433024
553149508637708288
553152215050125313
498300128088694786
544310222547087361
524983325275197440
553133704881917952
553537235463979008
524939327399559170
524932574909857792
552791719272775680
544343410849886209
524947867975561216
552831624283693056
552824162969210880
500383956362334208
500177556768034816
544358564484378624
552848653132767232
544511300630753280
499455799723184130
544408293192368128
500360684253638656
544292798887784449
553215929107382275
552787878351474688
553177833686589440
500358526804316160
525017500061536258
553522808417157120
544511560249790464
553171741804359680
544282005941530624
524994218964815873
544277336422486016
580358227713458176
529723708207030274
544517500118249472
525025463648137216
581550667753504768
500363141034020865
552822696195932161
552829904396775425
552807832257835008
500290098647547904
525049044201377793
500408184562257920
552811408094945280
500362679039840257
544470398881259520
544493466836017154
553552825431883776
500278485001457664
499357289363431425
576320540983582720
552825257707335680
553147034707165185
552842580929826816
552798200990806016
525029913230053377
500377192841609217
580882302621843456
524999488067633152
552833795142209536
524983236712476672
544361266718846977
544374313848430592
553558513210105856
500290977798836225
529726966178787328
500293830827331584
524950887119482882
552815712432316417
581064144394285056
524955083297931264
552795773180858368
552813461953323008
553516364879904768
544373513407062016
500360558806568960
499703794805276672
499615655906533376
553589869810028544
552791332935434242
500277526590423041
500350460122136576
580884605097664512
529778109290012673
553533499643547648
553199664720543744
553491540535156736
500378338582884352
552814137857036289
552828658747187201
580368417556992000
553152675014246400
525033357722550272
500303238810574849
544519594438696961
499362441697193985
544367862211952641
525025806079504385
552824885484224513
500315984910372864
544341194822520832
576316647880839168
580326473803767808
580322453928431617
580329111064686592
552821287933202435
529721745486659584
580319651399385088
544495359800930304
544402515085623296
553197181151481857
553592023392202752
529734565599121410
580332380436709377
544486142763347969
500160181184249856
576508971923693568
553541601482784768
552799317602615297
498463733447163905
553162815402672128
544291804057960448
544385641975676929
580330721719508992
500319233558192128
525058633730891776
580331347752914944
580337873691533313
544435708299972608
524929014621032451
580320329203093504
581450117972144128
580699825030754304
500320286341099523
581258486861983745
524980483479076864
580320945740480512
498466570675716096
553103772852191233
524930293921107969
544356122082410496
500287857727377408
544391412075069440
544439521236893696
498477676219600896
500370960093302784
552817785949396992
552982669840355329
553590459688570880
